sizes 5494892 5494892
diff_bytes 256661 first 36 last 5494492
n_ranges 78397
range_len_hist [(1, 31637), (2, 20571), (3, 11009), (7, 4090), (6, 3280), (4, 2689), (5, 804), (17, 802), (22, 761), (10, 721), (9, 260), (11, 226)]
largest_ranges [(304920, 305320), (324230, 324628), (312961, 313160), (323356, 323547), (327477, 327640), (670800, 670946), (758072, 758206), (312624, 312752), (315236, 315364), (323996, 324124)]
printable_frac 0.028043681295282966 0.028052052706404422
--- range 304920-305320 len 401 ---
F1: ff ff ff 7f ff ff ff 7f d4 fe ff ff ff ff ff 7f ff ff ff 7f ff ff ff 7f ff ff ff 7f ff ff ff 7f ff ff ff 7f ff ff ff 7f 01 00 01 01 01 02 01 02 01 02 01 02 01 02 01 02 01 02 01 02 01 02 01 02 01 02 01 02 01 02 01 02 01 02 01 02 01 02 01 02 01 02 01 02 01 02 01 02 01 02 01 02 01 02 01 02 01 02 01 02 01 02 01 02 01 02 01 02 01 02 01 02 01 02 01 02 01 02 01 02 01 02 01 02 01 02 01 02 01 02 01 02 01 02 01 02 01 02 01 02 01 02 01 02 01 02 01 02 01 02 01 02 01 02 01 02 01 02 01 02 01 02 01 02 01 02 01 02 01 02 01 02 01 02 01 02 01 02 01 02 01 02 01 02 01 02 01 02 01 02 01 02 01 02 01 02 01 02 01 02 01 02 01 02 01 02 01 02 01 02 01 02 01 02 01 02 01 02 01 02 01 02 01 02 01 02 01 02 01 02 01 02 01 02 01 02 01 02 01 02 01 02 01 02 01 02 01 02 01 02 01 02 01 02 01 02 01 02 01 02 01 02 01 02 01 02 01 02 01 02 01 02 01 02 01 02 01 02 01 02 01 02 01 02 01 02 01 02 01 02 01 02 01 02 01 02 01 02 01 02 01 02 01 02 01 02 01 02 01 02 01 02 01 02 01 02 01 02 01 02 01 02 01 02 01 02 01 02 01 02 01 02 01 02 01 02 01 02 01 02 01 02 01 02 01 02 01 02 01 02 01 02 01 02 01 02 01 02 01 02 01 02 01 02 01 02 01 02 01 02 01 02 01 02 01 02 01 02 01 02 01 02 01 02 01 02 01 02 01 02 01 02 01 02 01 02 01 02 01 02 01 02 01 02 01 02 01 02 01 02 01 02 01 02 01 02 01 02 01 02 01 02 01 02 01 02 01 02 01 02 01 02 01 02 01 02 01 02 01 02 01 00 00 00 00 00 00 00 00 00 00 00 00 00 00 00 00 00 00 00 00 00 00 00 00 00 00 00 00 00 00 00 00 00 00 00 00 00 00 00 00
F2: ff ff ff 7f ff ff ff 7f ff ff ff 7f ff ff ff 7f ff ff ff 7f ff ff ff 7f ff ff ff 7f ff ff ff 7f ff ff ff 7f ff ff ff 7f ff ff ff 7f ff ff ff 7f ff ff ff 7f ff ff ff 7f ff ff ff 7f ff ff ff 7f ff ff ff 7f ff ff ff 7f ff ff ff 7f 00 00 00 00 02 00 00 00 ff ff ff 7f ff ff ff 7f ff ff ff 7f ff ff ff 7f ff ff ff 7f ff ff ff 7f ff ff ff 7f ff ff ff 7f ff ff ff 7f ff ff ff 7f ff ff ff 7f ff ff ff 7f ff ff ff 7f ff ff ff 7f ff ff ff 7f ff ff ff 7f 00 00 00 00 20 bf 02 00 ff ff ff 7f ff ff ff 7f ff ff ff 7f ff ff ff 7f ff ff ff 7f ff ff ff 7f ff ff ff 7f ff ff ff 7f ff ff ff 7f ff ff ff 7f ff ff ff 7f ff ff ff 7f ff ff ff 7f ff ff ff 7f 00 00 00 00 00 00 00 00 00 00 00 00 00 00 00 00 00 00 00 00 00 00 00 00 00 00 00 00 00 00 00 00 00 00 00 00 00 00 00 00 00 00 00 00 00 00 00 00 00 00 00 00 00 00 00 00 00 00 00 00 00 00 00 00 00 00 00 00 00 00 00 00 00 00 00 00 00 00 00 00 00 00 00 00 00 00 00 00 00 00 00 00 00 00 00 00 00 00 00 00 00 00 00 00 00 00 00 00 00 00 00 00 00 00 00 00 00 00 00 00 00 00 00 00 00 00 00 00 00 00 00 00 00 00 00 00 00 00 00 00 00 00 00 00 00 00 00 00 00 00 00 00 00 00 00 00 00 00 00 00 00 00 00 00 00 00 00 00 00 00 00 00 00 00 00 00 00 00 00 00 00 00 00 00 00 00 00 00 00 00 00 00 00 00 00 00 00 00 00 00 00 00 00 00 00 00 00 00 00 00 00 00 00 00 00 00 00 00 00 00 00 00 00 00 00 00 00 00 00 00 00 00 00 00 00 00 00 00 00 00 00 00 00 00 00 00 00 00 00 00 00 00 00 00 00 00 00 00 00 00 00 00 00 00 00 00 00 00 00
F1a: .................................................................................................................................................................................................................................................................................................................................................................................................................................................................................................
F2a: ........................................................................................................................................................ ........................................................................................................................................................................................................................................................................................................................................
--- range 324230-324628 len 399 ---
F1: 00 00 00 00 00 00 00 00 00 00 00 00 00 00 00 00 00 00 00 00 00 00 00 00 00 00 00 00 00 00 00 00 00 00 00 00 00 00 00 00 00 00 00 00 00 00 00 00 00 00 00 00 00 00 00 00 00 00 00 00 00 00 00 00 00 00 00 00 00 00 00 00 00 00 00 00 00 00 00 00 00 00 00 00 00 00 00 00 00 00 00 00 00 00 00 00 00 00 00 00 00 00 00 00 00 00 00 00 00 00 00 00 00 00 00 00 00 00 00 00 00 00 00 00 00 00 00 00 00 00 00 00 00 00 00 00 00 00 00 00 00 00 00 00 00 00 00 00 00 00 00 00 00 00 00 00 00 00 00 00 00 00 00 00 00 00 00 00 00 00 00 00 00 00 00 00 00 00 00 00 00 00 00 00 00 00 00 00 00 00 00 00 00 00 00 00 00 00 00 00 00 00 00 00 00 00 00 00 00 00 00 00 00 00 00 00 00 00 00 00 00 00 00 00 00 00 00 00 00 00 00 00 00 00 00 00 00 00 00 00 00 00 00 00 00 00 00 00 00 00 00 00 00 00 00 00 00 00 00 00 00 00 00 00 00 00 00 00 00 00 00 00 00 00 00 00 00 00 00 00 00 00 00 00 00 00 00 00 00 00 00 00 00 00 00 00 00 00 00 00 00 00 00 00 00 00 00 00 00 00 00 00 00 00 00 00 00 00 00 00 00 00 00 00 00 00 00 00 00 00 00 00 00 00 00 00 00 00 00 00 00 00 00 00 00 00 00 00 00 00 00 00 00 00 00 00 00 00 00 00 00 00 00 00 00 00 00 00 00 00 00 00 00 00 00 00 00 00 00 00 00 00 00 00 00 00 00 00 00 00 00 00 00 00 00 00 00 00 00 00 00 00 00 00 00 00 00 00 00 00 00 00 00 00 00 00 00 00 00 00 00 00 00 00 00 00 00 00 00 00 00 00 00 00 00 00 00 00 00 00 00 00 00 00 00 00 00 00 00 00 00 00 00 00 00 00 00 00 00 00 00 00 00 00 00 00 00 00 00 00 00 00 00 00 00 00 00 00 00
F2: ff 7f ff ff ff 7f d4 fe ff ff ff ff ff 7f ff ff ff 7f ff ff ff 7f ff ff ff 7f ff ff ff 7f ff ff ff 7f ff ff ff 7f 01 00 01 01 01 02 01 02 01 02 01 02 01 02 01 02 01 02 01 02 01 02 01 02 01 02 01 02 01 02 01 02 01 02 01 02 01 02 01 02 01 02 01 02 01 02 01 02 01 02 01 02 01 02 01 02 01 02 01 02 01 02 01 02 01 02 01 02 01 02 01 02 01 02 01 02 01 02 01 02 01 02 01 02 01 02 01 02 01 02 01 02 01 02 01 02 01 02 01 02 01 02 01 02 01 02 01 02 01 02 01 02 01 02 01 02 01 02 01 02 01 02 01 02 01 02 01 02 01 02 01 02 01 02 01 02 01 02 01 02 01 02 01 02 01 02 01 02 01 02 01 02 01 02 01 02 01 02 01 02 01 02 01 02 01 02 01 02 01 02 01 02 01 02 01 02 01 02 01 02 01 02 01 02 01 02 01 02 01 02 01 02 01 02 01 02 01 02 01 02 01 02 01 02 01 02 01 02 01 02 01 02 01 02 01 02 01 02 01 02 01 02 01 02 01 02 01 02 01 02 01 02 01 02 01 02 01 02 01 02 01 02 01 02 01 02 01 02 01 02 01 02 01 02 01 02 01 02 01 02 01 02 01 02 01 02 01 02 01 02 01 02 01 02 01 02 01 02 01 02 01 02 01 02 01 02 01 02 01 02 01 02 01 02 01 02 01 02 01 02 01 02 01 02 01 02 01 02 01 02 01 02 01 02 01 02 01 02 01 02 01 02 01 02 01 02 01 02 01 02 01 02 01 02 01 02 01 02 01 02 01 02 01 02 01 02 01 02 01 02 01 02 01 02 01 02 01 02 01 02 01 02 01 02 01 02 01 02 01 02 01 02 01 02 01 02 01 02 01 02 01 02 01 02 01 02 01 02 01 02 01 02 01 02 01 02 01 02 01 02 01 00 00 00 00 00 00 00 00 00 00 00 00 00 00 00 00 00 00 00 00 00 00 00 00 00 00 00 00 00 00 00 00 00 00 00 00 00 00 00 00
F1a: ...............................................................................................................................................................................................................................................................................................................................................................................................................................................................................................
F2a: ...............................................................................................................................................................................................................................................................................................................................................................................................................................................................................................
--- range 312961-313160 len 200 ---
F1: 07 08 09 0a 0b 0c 0d 0e 0f 12 13 14 15 16 17 19 1a 1c 1d 1f 20 21 22 24 25 26 27 28 29 2a 2b 2c 2e 2f 32 33 34 35 37 38 3a 3b 3c 3d 3e 3f 40 42 43 44 45 46 47 48 49 4b 4c 4d 4e 4f 52 53 54 55 56 57 58 59 5a 5b 5c 5d 5e 5f 60 61 62 63 64 65 66 67 68 69 6a 6b 6c 6d 6e 6f 70 71 72 73 74 75 76 77 78 79 7a 7b 7c 7d 7e 7f 80 81 82 83 84 85 86 87 88 89 8b 8c 8d 8e 8f 90 91 92 93 94 96 98 99 9a 9b 9c 9d 9e 9f a1 a2 a3 a4 a5 a6 a7 a8 a9 aa ab ac ad ae af b0 b1 b2 b3 b4 b5 b6 b7 b8 b9 ba bb bc bd be bf c0 00 c2 c3 c4 c5 c6 c7 c8 c9 ca cb cc cd ce cf d0 d1 d2 d3 d4 d5 d6 d7 d8 d9 da db dc dd de df e0 00 00 00 00 00 00 00 00 00 00 00 00 00 00 00 00 00 00 00 00 00 00 00 00 00 00 00 00 00 00 00 00 01 00 04 00 20 00 00 32 3a 00 00 00 00 00 00 00 00 00 00 00 00 00 00 00 3a 00 00 00 00 00 00 00 00 00 00 00 00 00 00 00 3a 00 00 00 00 00 00 00 00
F2: 00 00 00 1e 00 00 00 38 ff ff ff ff ff ff 7f ff ff ff 7f ff ff ff 7f ff ff ff 7f ff ff ff 7f ff ff ff 7f ff ff ff 7f 38 ff ff ff ff ff ff 7f ff ff ff 7f ff ff ff 7f ff ff ff 7f ff ff ff 7f ff ff ff 7f ff ff ff 7f 38 ff ff ff ff ff ff 7f ff ff ff 7f ff ff ff 7f ff ff ff 7f ff ff ff 7f ff ff ff 7f ff ff ff 7f 01 00 00 00 00 00 00 00 9c ff ff ff ff ff ff 7f ff ff ff 7f ff ff ff 7f ff ff ff 7f ff ff ff 7f ff ff ff 7f ff ff ff 7f d4 fe ff ff ff ff ff 7f ff ff ff 7f ff ff ff 7f ff ff ff 7f ff ff ff 7f ff ff ff 7f ff ff ff 7f d4 fe ff ff ff ff ff 7f ff ff ff 7f ff ff ff 7f ff ff ff 7f ff ff ff 7f ff ff ff 7f ff ff ff 7f 60 f0 ff ff ff ff ff 7f ff ff ff 7f ff ff ff 7f ff ff ff 7f ff ff ff 7f ff ff ff 7f ff ff ff 7f 00 00 00 00 00 00 00 00 01 00 00 00 00 00 00 00 00 00 00 00 00 00 00 00 00 00 00 00 00 00 00 00 02 00 00 00 00 00 00 00 02
F1a: .................... !"$%&'()*+,./234578:;<=>?@BCDEFGHIKLMNORSTUVWXYZ[\]^_`abcdefghijklmnopqrstuvwxyz{|}~.................................................................................................................................. ..2:...............:...............:........
F2a: .......8...............................8...............................8.......................................................................................................................................`........................................................................
--- range 323356-323547 len 192 ---
F1: 00 00 00 00 00 00 00 00 00 00 00 00 00 00 00 00 00 00 00 00 00 00 00 00 00 00 00 00 00 00 00 00 00 00 00 00 00 00 00 00 00 00 00 00 00 00 00 00 00 00 00 00 00 00 00 00 00 00 00 00 00 00 00 00 00 00 00 00 00 00 00 00 00 00 00 00 00 00 00 00 00 00 00 00 00 00 00 00 00 00 00 00 00 00 00 00 00 00 00 00 00 00 00 00 00 00 00 00 00 00 00 00 00 00 00 00 00 00 00 00 00 00 00 00 00 00 00 00 00 00 00 00 00 00 00 00 00 00 00 00 00 00 00 00 00 00 00 00 00 00 00 00 00 00 00 00 00 00 00 00 00 00 00 00 00 00 00 00 00 00 00 00 00 00 00 00 00 00 00 00 00 00 00 00 00 00 00 00 00 00 00 00 00 00 00 00 00 00 00 00 00 00 00 00 00 00 00 00 00 00 00 00 00 00 00 00 00 00 00 00 00 00 00 00 00 00 00 00 00 00 00 00 00 00 00 00 00 00 00 00 00 00 00 00 00 00 00 00 00 00 00 00 00 00 00 00 00 00 00 00 00 00 00 00 00 00 00 00 00 00 00 00
F2: 00 00 00 00 00 00 00 00 00 00 00 00 00 00 00 00 00 00 00 00 ff ff 00 00 00 00 00 00 00 00 00 00 00 00 00 00 00 00 00 00 31 01 18 11 a0 2d 30 1e 23 51 97 50 95 1b 36 41 39 05 4a 10 8a 02 03 04 06 07 08 09 0a 0b 0c 0d 0e 0f 12 13 14 15 16 17 19 1a 1c 1d 1f 20 21 22 24 25 26 27 28 29 2a 2b 2c 2e 2f 32 33 34 35 37 38 3a 3b 3c 3d 3e 3f 40 42 43 44 45 46 47 48 49 4b 4c 4d 4e 4f 52 53 54 55 56 57 58 59 5a 5b 5c 5d 5e 5f 60 61 62 63 64 65 66 67 68 69 6a 6b 6c 6d 6e 6f 70 71 72 73 74 75 76 77 78 79 7a 7b 7c 7d 7e 7f 80 81 82 83 84 85 86 87 88 89 8b 8c 8d 8e 8f 90 91 92 93 94 96 98 99 9a 9b 9c 9d 9e 9f a1 a2 a3 a4 a5 a6 a7 a8 a9 aa ab ac ad ae af b0 b1 b2 b3 b4 b5 b6 b7 b8 b9 ba bb bc bd be bf c0 00 c2 c3 c4 c5 c6 c7 c8 c9 ca cb cc cd ce cf d0 d1 d2 d3 d4 d5 d6 d7 d8 d9 da db dc dd de df e0 00 00 00 00 00 00 00 00
F1a: ................................................................................................................................................................................................................................................................................
F2a: ........................................1....-0.#Q.P..6A9.J.......................... !"$%&'()*+,./234578:;<=>?@BCDEFGHIKLMNORSTUVWXYZ[\]^_`abcdefghijklmnopqrstuvwxyz{|}~......................................................................................................
--- range 327477-327640 len 164 ---
F1: 00 0c 02 3c 02 00 00 79 00 00 00 02 00 00 00 00 00 00 00 00 00 00 00 00 00 00 00 01 00 01 00 01 00 00 00 00 00 00 00 00 00 00 00 00 00 00 00 00 00 00 00 00 00 00 00 00 00 00 00 00 00 00 00 00 00 00 00 00 00 00 00 00 00 00 00 00 00 00 00 00 00 00 00 00 00 00 00 00 00 00 00 00 00 00 00 00 00 00 00 00 00 00 00 00 00 00 00 00 00 00 00 01 00 00 00 00 00 00 00 00 00 00 00 00 00 00 00 00 00 00 00 00 00 00 00 00 00 00 00 00 00 00 00 00 00 00 00 00 00 00 00 00 00 00 00 00 00 00 00 00 00 00 00 00 00 00 00 00 00 00 00 00 00 00 00 00 00 00 00 00 00 00 00 00 00 00 00 00 00 00 00 01 00 00 00 01 00 00 00 00 00 00 00 00 00 00 00 01 00 01 00 01 00 00 00 14 00 00 00 14 00 00 00 14 00 00 00 14 00 00 00 00 00 00 00 00 00 00 00 00 00 00 00 00
F2: ff f1 c3 ff f7 f1 43 ff ff f1 c3 f0 fa e1 63 20 ce e1 e3 ff ff f1 c3 fc ee 61 e3 ff ff f1 c3 ff fe f1 c3 ff ff f1 c3 00 51 c0 c3 ff ff f1 c3 ff ff f1 c3 ff ff f1 c3 ff ff f1 c3 ff ff f1 c3 ff ff f1 c3 ff ff f1 c3 ff c3 d1 c1 ff ff f1 c3 ff ff f1 c3 ff ff f1 c3 cf a2 61 60 ff ff f1 c3 ff ff f1 c3 ff ff f1 c3 ff ff f1 c3 ff ff f1 c3 ff ff f1 c3 ff ff f1 c3 ff ff f1 c3 ff ff 71 c2 ff ff f1 c3 ff ff f1 c3 ff ff f1 c3 ff ff 71 c7 ff ff f1 c3 ff ff f1 c3 ff ff f1 c3 ff ff f1 c3 ff ff f1 c7 ff ff 31 c3 df f7 f1 c3 df f7 f1 c3 ff fe 91 43 ff ff f1 c3 ff ff f1 c3 ff ff f1 c3 ff ff f1 c3 ff ff f1 c3 ff ff f1 c3 21 00 17 01 74 00 00 00 64 04 00 00 00 00 00 00 02 02 04 00 00 00 00 00 02 02 04 00 00 00 00 00 02 02 04 00 00 00 00 00 d0
F1a: ...<...y............................................................................................................................................................................................................................................
F2a: ......C.......c .........a..............Q................................................a`..................................q...............q.......................1............C........................!...t...d................................
--- range 670800-670946 len 147 ---
F1: 00 00 00 00 7a 0e 00 00 00 00 00 00 f0 b2 fd ff e5 8b 03 00 cc 3b fd ff 22 f6 f0 ff 00 00 00 00 00 00 00 00 00 00 00 00 00 00 00 00 00 00 00 00 00 00 00 00 00 00 00 00 00 00 00 00 31 00 09 f9 b4 1a 00 00 05 12 00 00 36 74 00 00 74 dc ff ff 00 00 03 00 32 32 00 00 03 00 4d 00 b5 1a 00 00 ad 1c 00 00 65 02 00 00 68 00 4c 00 00 00 00 00 2f 2f 31 37 32 2e 31 36 2e 39 2e 32 39 2f 66 6f 6f 74 70 72 69 6e 74 2f 41 6c 6c 65 67 72 6f 5f 4c 69 62 72 61 72 79 5f 4f 50 2f 62 74 62 2d 34 30 6d 5f 6f 6b 2d 62 32 31 32 32 30 38 72 6d 30 34 30 2d 32 5f 6f 70 2e 70 73 6d 00 17 00 00 00 b6 1a 00 00 81 16 00 00 d7 21 00 00 20 00 00 00 00 00 00 00 52 03 00 00 e9 bb fd ff 63 89 f1 ff e9 bb fd
F2: 36 74 00 00 74 dc ff ff 00 00 03 00 32 32 00 00 03 00 4d 00 b4 1a 00 00 ac 1c 00 00 65 02 00 00 68 00 4c 00 00 00 00 00 2f 2f 31 37 32 2e 31 36 2e 39 2e 32 39 2f 66 6f 6f 74 70 72 69 6e 74 2f 41 6c 6c 65 67 72 6f 5f 4c 69 62 72 61 72 79 5f 4f 50 2f 62 74 62 2d 34 30 6d 5f 6f 6b 2d 62 32 31 32 32 30 38 72 6d 30 34 30 2d 32 5f 6f 70 2e 70 73 6d 00 17 00 00 00 b5 1a 00 00 81 16 00 00 d1 21 00 00 20 00 00 00 00 00 00 00 52 03 00 00 e9 bb fd ff 63 89 f1 ff e9 bb fd ff 97 97 f2 ff 32 00 0c 00 b6 1a 00 00 00 00 00 00 00 00 00 00 00 00 00 00 00 00 00 00 76 19 00 00 65 02 00 00 00 00 00 00 9a 1c 00 00 00 00 00 00 00 00 00 00 00 00 00 00 00 00 00 00 00 00 00 00 09 12 00 00 00 00 00
F1a: ....z................;.."...................................1...........6t..t.......22....M.........e...h.L.....//172.16.9.29/footprint/Allegro_Library_OP/btb-40m_ok-b212208rm040-2_op.psm..............!.. .......R.......c......
F2a: 6t..t.......22....M.........e...h.L.....//172.16.9.29/footprint/Allegro_Library_OP/btb-40m_ok-b212208rm040-2_op.psm..............!.. .......R.......c...........2.......................v...e......................................
--- header 0..320 ---
F1h: 00 04 14 00 03 00 00 00 01 00 00 00 03 00 00 00 09 00 00 00 ab 39 00 00 0a 0d 0a 00 00 00 00 02 6c d8 53 00 20 00 cf 60 14 00 00 00 96 44 00 00 96 44 00 00 56 05 00 00 1d 03 00 00 65 00 00 00 0e 39 00 00 66 00 00 00 57 02 00 00 67 00 00 00 c3 04 00 00 68 00 00 00 8c 16 00 00 69 00 00 00 4e 36 00 00 6a 00 00 00 99 02 00 00 6b 00 00 00 6d 03 00 00 6c 00 00 00 56 37 00 00 6d 00 00 00 00 00 00 00 6e 00 00 00 65 02 00 00 6f 00 00 00 80 39 00 00 70 00 00 00 ee 38 00 00 71 00 00 00 7e 04 00 00 72 00 00 00 00 00 00 00 73 00 00 00 49 07 00 00 74 00 00 00 7d 10 00 00 75 00 00 00 00 00 00 00 76 00 00 00 00 00 00 00 77 00 00 00 c4 04 00 00 78 00 00 00 02 06 00 00 79 00 00 00 7d 04 00 00 7a 00 00 00 00 00 00 00 7b 00 00 00 00 00 00 00 24 0d 00 00 61 6c 6c 33 37 34 30 39 39 2f 33 30 2f 61 6c 6c 34 30 33 30 35 35 2f 32 34 2f 2e 2e 2e 2e 62 61 74 34 30 33 30 35 35 2f 32 34 2f 61 6c 6c 34 30 33 30 35 35 2f 32 34 2f 62 61 74 00 00 0c 00 80 2e 3a 00 00 29 0a 00 00
F2h: 00 04 14 00 03 00 00 00 01 00 00 00 03 00 00 00 09 00 00 00 ab 39 00 00 0a 0d 0a 00 00 00 00 02 6c d8 53 00 10 7f e4 47 14 00 00 00 96 44 00 00 96 44 00 00 56 05 00 00 1d 03 00 00 65 00 00 00 f9 38 00 00 66 00 00 00 57 02 00 00 67 00 00 00 c3 04 00 00 68 00 00 00 8c 16 00 00 69 00 00 00 46 36 00 00 6a 00 00 00 99 02 00 00 6b 00 00 00 6d 03 00 00 6c 00 00 00 4e 37 00 00 6d 00 00 00 00 00 00 00 6e 00 00 00 65 02 00 00 6f 00 00 00 d6 38 00 00 70 00 00 00 1b 3a 00 00 71 00 00 00 7e 04 00 00 72 00 00 00 00 00 00 00 73 00 00 00 49 07 00 00 74 00 00 00 7d 10 00 00 75 00 00 00 00 00 00 00 76 00 00 00 00 00 00 00 77 00 00 00 c4 04 00 00 78 00 00 00 02 06 00 00 79 00 00 00 7d 04 00 00 7a 00 00 00 00 00 00 00 7b 00 00 00 00 00 00 00 25 0d 00 00 61 6c 6c 33 37 34 30 39 39 2f 33 30 2f 2e 61 6c 6c 34 30 33 30 35 35 2f 32 34 2f 2e 2e 2e 2e 62 61 74 34 30 33 30 35 35 2f 32 34 2f 61 6c 6c 34 30 33 30 35 35 2f 32 34 2f 62 61 00 00 0c 00 80 2c 3a 00 00 29 0a 00 00
F1ha: .....................9..........l.S. ..`.....D...D..V.......e....9..f...W...g.......h.......i...N6..j.......k...m...l...V7..m.......n...e...o....9..p....8..q...~...r.......s...I...t...}...u.......v.......w.......x.......y...}...z.......{.......$...all374099/30/all403055/24/....bat403055/24/all403055/24/bat......:..)...
F2ha: .....................9..........l.S....G.....D...D..V.......e....8..f...W...g.......h.......i...F6..j.......k...m...l...N7..m.......n...e...o....8..p....:..q...~...r.......s...I...t...}...u.......v.......w.......x.......y...}...z.......{.......%...all374099/30/.all403055/24/....bat403055/24/all403055/24/ba.....,:..)...
