# F1A_VS_F1 (two zero-op saves, same session): C:\Users\BAIJUN~1\AppData\Local\Temp\drc-probe-e-_cuy5ho1/probe_e_F1a.brd vs probe_e_F1.brd
# size_a=5494892 size_b=5494892 diff_bytes=2226 ranges=1239
[144, 145]
[244, 244]
[261, 262]
[264, 268]
[270, 274]
[278, 285]
[287, 292]
[294, 298]
[300, 306]
[312, 312]
[21760, 21760]
[22720, 22720]
[24700, 24700]
[484172, 484172]
[526716, 526716]
[633684, 633684]
[633852, 633852]
[657220, 657220]
[678176, 678176]
[685672, 685672]
[685860, 685860]
[688940, 688940]
[689212, 689212]
[689296, 689296]
[689400, 689400]
[710324, 710324]
[710944, 710944]
[712508, 712508]
[716896, 716896]
[719176, 719176]
[719520, 719520]
[720284, 720284]
[721896, 721896]
[728368, 728368]
[728512, 728512]
[728848, 728848]
[729688, 729688]
[744140, 744140]
[744144, 744144]
[744220, 744220]
[754708, 754708]
[761620, 761620]
[761624, 761624]
[761652, 761652]
[990128, 990128]
[990172, 990172]
[990216, 990216]
[990260, 990260]
[990348, 990348]
[990392, 990392]
[990480, 990480]
[990520, 990520]
[990524, 990524]
[990564, 990564]
[990612, 990612]
[990652, 990652]
[990656, 990656]
[990828, 990828]
[990832, 990832]
[992760, 992760]
[992804, 992804]
[992848, 992848]
[992888, 992888]
[992892, 992892]
[992936, 992936]
[992980, 992980]
[993020, 993020]
[993024, 993024]
[993068, 993068]
[993112, 993112]
[993156, 993156]
[993196, 993196]
[993200, 993200]
[993244, 993244]
[993288, 993288]
[993328, 993328]
[993332, 993332]
[993376, 993376]
[993420, 993420]
[993460, 993460]
[993464, 993464]
[993508, 993508]
[993552, 993552]
[993592, 993592]
[993596, 993596]
[993640, 993640]
[993684, 993684]
[993768, 993768]
[993812, 993812]
[993896, 993896]
[993936, 993936]
[993940, 993940]
[994024, 994024]
[994068, 994068]
[994152, 994152]
[994196, 994196]
[994280, 994280]
[994324, 994324]
[994408, 994408]
[994448, 994448]
[994452, 994452]
[994536, 994536]
[994580, 994580]
[994620, 994620]
[994624, 994624]
[1012500, 1012500]
[1013096, 1013096]
[1013168, 1013168]
[1013188, 1013188]
[1015916, 1015916]
[1015920, 1015920]
[1015996, 1015996]
[1016068, 1016068]
[1016092, 1016092]
[1016272, 1016272]
[1016924, 1016924]
[1017798, 1017799]
[1017804, 1017804]
[1017820, 1017823]
[1017832, 1017832]
[1017860, 1017860]
[1018076, 1018076]
[1018080, 1018080]
[1018312, 1018312]
[1018940, 1018940]
[1018960, 1018960]
[1019024, 1019024]
[1025562, 1025562]
[1025568, 1025568]
[1025576, 1025576]
[1025578, 1025578]
[1025584, 1025593]
[1025596, 1025600]
[1025604, 1025605]
[1025608, 1025608]
[1025612, 1025613]
[1025616, 1025618]
[1025620, 1025626]
[1025628, 1025630]
[1025632, 1025634]
[1025636, 1025636]
[1025640, 1025641]
[1025644, 1025645]
[1025648, 1025650]
[1025652, 1025654]
[1025656, 1025662]
[1025664, 1025670]
[1025672, 1025672]
[1025676, 1025676]
[1025680, 1025681]
[1025684, 1025684]
[1025686, 1025686]
[1025692, 1025697]
[1025700, 1025705]
[1025708, 1025709]
[1025712, 1025713]
[1025716, 1025716]
[1025720, 1025721]
[1025724, 1025725]
[1025732, 1025732]
[1025736, 1025737]
[1025740, 1025741]
[1025744, 1025745]
[1025748, 1025748]
[1025756, 1025757]
[1025760, 1025762]
[1025764, 1025766]
[1025768, 1025770]
[1025772, 1025774]
[1025776, 1025778]
[1025780, 1025780]
[1025784, 1025785]
[1025788, 1025789]
[1025792, 1025794]
[1025796, 1025798]
[1025800, 1025806]
[1025808, 1025814]
[1025816, 1025817]
[1025820, 1025820]
[1025824, 1025825]
[1025828, 1025828]
[1025830, 1025830]
[1025836, 1025841]
[1025844, 1025849]
[1025852, 1025853]
[1025856, 1025857]
[1025860, 1025860]
[1025864, 1025865]
[1025868, 1025869]
[1025876, 1025876]
[1025880, 1025881]
[1025884, 1025885]
[1025888, 1025889]
[1025892, 1025892]
[1025900, 1025901]
[1025904, 1025906]
[1025908, 1025910]
[1025912, 1025914]
[1025916, 1025918]
[1025920, 1025922]
[1025924, 1025924]
[1025928, 1025929]
[1025932, 1025933]
[1025936, 1025938]
[1025940, 1025942]
[1025944, 1025947]
[1025949, 1025950]
[1025952, 1025958]
[1025960, 1025960]
[1025964, 1025964]
[1025968, 1025969]
[1025972, 1025972]
[1025974, 1025974]
[1025980, 1025985]
[1025988, 1025992]
[1025996, 1025997]
[1026000, 1026001]
[1026004, 1026004]
[1026008, 1026009]
[1026012, 1026013]
[1026020, 1026020]
[1026024, 1026025]
[1026028, 1026028]
[1026032, 1026033]
[1026036, 1026036]
[1026044, 1026045]
[1026048, 1026050]
[1026052, 1026054]
[1026056, 1026058]
[1026061, 1026062]
[1026064, 1026066]
[1026068, 1026068]
[1026072, 1026073]
[1026076, 1026077]
[1026080, 1026082]
[1026084, 1026086]
[1026088, 1026094]
[1026096, 1026102]
[1026104, 1026104]
[1026108, 1026108]
[1026112, 1026113]
[1026116, 1026116]
[1026118, 1026118]
[1026124, 1026129]
[1026132, 1026137]
[1026140, 1026141]
[1026144, 1026145]
[1026148, 1026148]
[1026152, 1026153]
[1026156, 1026157]
[1026164, 1026164]
[1026168, 1026169]
[1026172, 1026173]
[1026176, 1026177]
[1026180, 1026180]
[1026188, 1026189]
[1026192, 1026194]
[1026196, 1026198]
[1026200, 1026202]
[1026204, 1026206]
[1026208, 1026210]
[1026212, 1026212]
[1026216, 1026217]
[1026220, 1026221]
[1026224, 1026226]
[1026228, 1026230]
[1026232, 1026238]
[1026240, 1026246]
[1026248, 1026248]
[1026252, 1026252]
[1026256, 1026257]
[1026260, 1026260]
[1026262, 1026262]
[1026268, 1026273]
[1026276, 1026280]
[1026284, 1026285]
[1026288, 1026289]
[1026292, 1026292]
[1026296, 1026297]
[1026300, 1026301]
[1026308, 1026308]
[1026312, 1026313]
[1026316, 1026316]
[1026320, 1026321]
[1026324, 1026324]
[1026332, 1026333]
[1026336, 1026338]
[1026340, 1026342]
[1026344, 1026346]
[1026348, 1026350]
[1026352, 1026354]
[1026356, 1026356]
[1026360, 1026361]
[1026364, 1026365]
[1026368, 1026370]
[1026372, 1026374]
[1026376, 1026382]
[1026384, 1026390]
[1026392, 1026392]
[1026396, 1026396]
[1026400, 1026401]
[1026404, 1026404]
[1026406, 1026406]
[1026412, 1026417]
[1026420, 1026425]
[1026428, 1026429]
[1026432, 1026433]
[1026440, 1026441]
[1026444, 1026445]
[1026452, 1026452]
[1026456, 1026457]
[1026460, 1026461]
[1026464, 1026465]
[1026476, 1026477]
[1026480, 1026482]
[1026484, 1026486]
[1026488, 1026490]
[1026492, 1026494]
[1026496, 1026498]
[1026500, 1026500]
[1026504, 1026505]
[1026508, 1026509]
[1026512, 1026514]
[1026516, 1026518]
[1026520, 1026526]
[1026528, 1026534]
[1026536, 1026536]
[1026540, 1026540]
[1026544, 1026545]
[1026548, 1026548]
[1026550, 1026550]
[1026556, 1026561]
[1026564, 1026569]
[1026572, 1026573]
[1026576, 1026577]
[1026584, 1026585]
[1026588, 1026589]
[1026596, 1026596]
[1026600, 1026601]
[1026604, 1026605]
[1026608, 1026609]
[1026620, 1026621]
[1026624, 1026626]
[1026628, 1026630]
[1026632, 1026634]
[1026636, 1026638]
[1026640, 1026642]
[1026644, 1026644]
[1026648, 1026649]
[1026652, 1026653]
[1026656, 1026658]
[1026660, 1026662]
[1026664, 1026670]
[1026672, 1026678]
[1026680, 1026680]
[1026684, 1026684]
[1026688, 1026689]
[1026692, 1026692]
[1026694, 1026694]
[1026700, 1026705]
[1026708, 1026713]
[1026716, 1026717]
[1026720, 1026721]
[1026728, 1026729]
[1026732, 1026733]
[1026740, 1026740]
[1026744, 1026745]
[1026748, 1026749]
[1026752, 1026753]
[1026764, 1026765]
[1026768, 1026770]
[1026772, 1026774]
[1026776, 1026778]
[1026780, 1026782]
[1026784, 1026786]
[1026788, 1026788]
[1026792, 1026793]
[1026796, 1026797]
[1026800, 1026802]
[1026804, 1026806]
[1026808, 1026814]
[1026816, 1026822]
[1026824, 1026824]
[1026828, 1026828]
[1026832, 1026833]
[1026836, 1026836]
[1026838, 1026838]
[1026844, 1026849]
[1026852, 1026857]
[1026860, 1026861]
[1026864, 1026865]
[1026872, 1026873]
[1026876, 1026877]
[1026884, 1026884]
[1026888, 1026889]
[1026892, 1026893]
[1026896, 1026897]
[1026908, 1026909]
[1026912, 1026914]
[1026916, 1026918]
[1026920, 1026922]
[1026924, 1026926]
[1026928, 1026930]
[1026932, 1026932]
[1026936, 1026937]
[1026940, 1026941]
[1026944, 1026946]
[1026948, 1026950]
[1026952, 1026958]
[1026960, 1026966]
[1026968, 1026968]
[1026972, 1026972]
[1026976, 1026977]
[1026980, 1026980]
[1026982, 1026982]
[1026988, 1026993]
[1026996, 1027001]
[1027004, 1027005]
[1027008, 1027009]
[1027016, 1027017]
[1027020, 1027021]
[1027028, 1027028]
[1027033, 1027033]
[1027036, 1027037]
[1027040, 1027041]
[1027052, 1027053]
[1027056, 1027058]
[1027060, 1027062]
[1027064, 1027066]
[1027068, 1027070]
[1027072, 1027074]
[1027076, 1027076]
[1027080, 1027081]
[1027084, 1027085]
[1027088, 1027090]
[1027092, 1027094]
[1027096, 1027102]
[1027104, 1027110]
[1027112, 1027112]
[1027116, 1027116]
[1027120, 1027121]
[1027124, 1027124]
[1027126, 1027126]
[1027132, 1027137]
[1027140, 1027145]
[1027148, 1027149]
[1027152, 1027153]
[1027160, 1027161]
[1027164, 1027165]
[1027172, 1027172]
[1027176, 1027177]
[1027180, 1027181]
[1027184, 1027185]
[1027196, 1027197]
[1027200, 1027202]
[1027204, 1027206]
[1027208, 1027210]
[1027212, 1027214]
[1027216, 1027218]
[1027220, 1027220]
[1027224, 1027225]
[1027228, 1027229]
[1027232, 1027234]
[1027236, 1027238]
[1027240, 1027246]
[1027248, 1027254]
[1027256, 1027256]
[1027260, 1027260]
[1027264, 1027265]
[1027268, 1027268]
[1027270, 1027270]
[1027276, 1027281]
[1027284, 1027289]
[1027292, 1027293]
[1027296, 1027297]
[1027304, 1027305]
[1027308, 1027309]
[1027316, 1027316]
[1027320, 1027321]
[1027324, 1027325]
[1027328, 1027329]
[1027340, 1027341]
[1027344, 1027346]
[1027348, 1027350]
[1027352, 1027354]
[1027356, 1027358]
[1027360, 1027362]
[1027364, 1027364]
[1027368, 1027369]
[1027372, 1027373]
[1027376, 1027378]
[1027380, 1027382]
[1027384, 1027390]
[1027392, 1027394]
[1027396, 1027398]
[1027400, 1027401]
[1027404, 1027405]
[1027408, 1027409]
[1027412, 1027414]
[1027420, 1027425]
[1027428, 1027429]
[1027432, 1027438]
[1027440, 1027442]
[1027445, 1027445]
[1027448, 1027449]
[1027456, 1027457]
[1027464, 1027465]
[1027468, 1027474]
[1027476, 1027478]
[1027480, 1027481]
[1027484, 1027485]
[1027493, 1027493]
[1027496, 1027497]
[1027504, 1027505]
[1027512, 1027514]
[1027516, 1027518]
[1027520, 1027521]
[1027524, 1027527]
[1027529, 1027529]
[1027532, 1027533]
[1027540, 1027541]
[1027548, 1027550]
[1027552, 1027554]
[1027556, 1027557]
[1027560, 1027565]
[1027568, 1027569]
[1027572, 1027572]
[1027576, 1027576]
[1027578, 1027578]
[1027588, 1027590]
[1027592, 1027593]
[1027596, 1027600]
[1027604, 1027605]
[1027608, 1027608]
[1027612, 1027612]
[1027614, 1027614]
[1027620, 1027622]
[1027624, 1027626]
[1027628, 1027628]
[1027632, 1027633]
[1027636, 1027637]
[1027652, 1027654]
[1027656, 1027658]
[1027660, 1027662]
[1027664, 1027666]
[1027668, 1027670]
[1027672, 1027673]
[1027676, 1027677]
[1027688, 1027690]
[1027692, 1027694]
[1027696, 1027697]
[1027700, 1027702]
[1027704, 1027706]
[1027708, 1027708]
[1027712, 1027713]
[1027716, 1027716]
[1027720, 1027720]
[1027722, 1027726]
[1027728, 1027730]
[1027732, 1027734]
[1027736, 1027738]
[1027740, 1027741]
[1027744, 1027744]
[1027748, 1027749]
[1027752, 1027753]
[1027756, 1027762]
[1027764, 1027765]
[1027768, 1027769]
[1027772, 1027773]
[1027776, 1027776]
[1027780, 1027781]
[1027784, 1027785]
[1027788, 1027789]
[1027792, 1027793]
[1027796, 1027798]
[1027800, 1027801]
[1027804, 1027805]
[1027808, 1027809]
[1027816, 1027817]
[1027828, 1027829]
[1027832, 1027832]
[1027836, 1027837]
[1027840, 1027841]
[1027852, 1027853]
[1027856, 1027858]
[1027860, 1027862]
[1027864, 1027866]
[1027868, 1027870]
[1027872, 1027877]
[1027879, 1027883]
[1027887, 1027898]
[1027900, 1027902]
[1027904, 1027906]
[1027908, 1027912]
[1027915, 1027921]
[1027923, 1027938]
[1027940, 1027942]
[1027944, 1027946]
[1027948, 1027948]
[1027952, 1027953]
[1027956, 1027957]
[1027960, 1027962]
[1027964, 1027966]
[1027968, 1027974]
[1027976, 1027981]
[1027983, 1027987]
[1027991, 1028002]
[1028004, 1028006]
[1028008, 1028010]
[1028012, 1028025]
[1028027, 1028038]
[1028040, 1028042]
[1028044, 1028046]
[1028048, 1028050]
[1028052, 1028054]
[1028056, 1028057]
[1028060, 1028061]
[1028064, 1028065]
[1028080, 1028082]
[1028084, 1028086]
[1028088, 1028090]
[1028092, 1028094]
[1028096, 1028101]
[1028104, 1028105]
[1028108, 1028108]
[1028112, 1028112]
[1028114, 1028114]
[1028116, 1028118]
[1028120, 1028130]
[1028136, 1028136]
[1028140, 1028140]
[1028144, 1028144]
[1028172, 1028172]
[1028216, 1028216]
[1028228, 1028228]
[1028236, 1028236]
[1028240, 1028240]
[1028244, 1028244]
[1028272, 1028272]
[1028316, 1028316]
[1028320, 1028320]
[1028328, 1028328]
[1028336, 1028336]
[1028340, 1028340]
[1028344, 1028344]
[1028368, 1028368]
[1028380, 1028380]
[1028388, 1028388]
[1028404, 1028404]
[1028408, 1028408]
[1028412, 1028412]
[1028448, 1028448]
[1028452, 1028452]
[1028456, 1028456]
[1028532, 1028532]
[1028604, 1028604]
[1028612, 1028612]
[1028656, 1028656]
[1028672, 1028672]
[1028708, 1028708]
[1028752, 1028752]
[1028836, 1028836]
[1028840, 1028840]
[1028844, 1028844]
[1028872, 1028872]
[1028916, 1028916]
[1028920, 1028920]
[1028936, 1028936]
[1028940, 1028940]
[1028944, 1028944]
[1028968, 1028968]
[1028988, 1028988]
[1029004, 1029004]
[1029008, 1029008]
[1029012, 1029012]
[1029088, 1029088]
[1029092, 1029092]
[1029124, 1029124]
[1029160, 1029160]
[1029164, 1029164]
[1029232, 1029232]
[1029304, 1029304]
[1029308, 1029308]
[1029376, 1029376]
[1029380, 1029380]
[1029412, 1029412]
[1029448, 1029448]
[1029452, 1029452]
[1029480, 1029480]
[1029500, 1029500]
[1029516, 1029516]
[1029520, 1029520]
[1029588, 1029588]
[1029592, 1029592]
[1029660, 1029660]
[1029664, 1029664]
[1029732, 1029732]
[1029736, 1029736]
[1029804, 1029804]
[1029808, 1029808]
[1029840, 1029840]
[1029876, 1029876]
[1029880, 1029880]
[1029948, 1029948]
[1029952, 1029952]
[1029984, 1029984]
[1030020, 1030020]
[1030092, 1030092]
[1030096, 1030096]
[1030164, 1030164]
[1030168, 1030168]
[1030236, 1030236]
[1030240, 1030240]
[1030308, 1030308]
[1030312, 1030312]
[1030380, 1030380]
[1030384, 1030384]
[1030452, 1030452]
[1030456, 1030456]
[1030524, 1030524]
[1030528, 1030528]
[1030596, 1030596]
[1030600, 1030600]
[1030668, 1030668]
[1030672, 1030672]
[1030740, 1030740]
[1030744, 1030744]
[1030812, 1030812]
[1030816, 1030816]
[1030884, 1030884]
[1030888, 1030888]
[1030956, 1030956]
[1030960, 1030960]
[1031028, 1031028]
[1031032, 1031032]
[1031100, 1031100]
[1031104, 1031104]
[1031172, 1031172]
[1031176, 1031176]
[1031244, 1031244]
[1031248, 1031248]
[1031316, 1031316]
[1031320, 1031320]
[1031388, 1031388]
[1031392, 1031392]
[1031460, 1031460]
[1031464, 1031464]
[1031532, 1031532]
[1031536, 1031536]
[1031604, 1031604]
[1031608, 1031608]
[1031676, 1031676]
[1031680, 1031680]
[1031748, 1031748]
[1031752, 1031752]
[1031820, 1031820]
[1031824, 1031824]
[1031892, 1031892]
[1031896, 1031896]
[1031964, 1031964]
[1031968, 1031968]
[1032000, 1032000]
[1032036, 1032036]
[1032040, 1032040]
[1032108, 1032108]
[1032112, 1032112]
[1032180, 1032180]
[1032184, 1032184]
[1032252, 1032252]
[1032256, 1032256]
[1032324, 1032324]
[1032328, 1032328]
[1032396, 1032396]
[1032400, 1032400]
[1032468, 1032468]
[1032472, 1032472]
[1032540, 1032540]
[1032544, 1032544]
[1032612, 1032612]
[1032616, 1032616]
[1032684, 1032684]
[1032688, 1032688]
[1032756, 1032756]
[1032760, 1032760]
[1032828, 1032828]
[1032832, 1032832]
[1032900, 1032900]
[1032904, 1032904]
[1032972, 1032972]
[1032976, 1032976]
[1033044, 1033044]
[1033048, 1033048]
[1033116, 1033116]
[1033120, 1033120]
[1033188, 1033188]
[1033192, 1033192]
[1033260, 1033260]
[1033264, 1033264]
[1033332, 1033332]
[1033336, 1033336]
[1033404, 1033404]
[1033408, 1033408]
[1033444, 1033444]
[1033476, 1033477]
[1033480, 1033480]
[1033548, 1033548]
[1033552, 1033553]
[1033620, 1033620]
[1033624, 1033624]
[1033692, 1033692]
[1033696, 1033696]
[1033764, 1033764]
[1033768, 1033768]
[1033836, 1033836]
[1033840, 1033840]
[1033908, 1033908]
[1033912, 1033912]
[1033980, 1033980]
[1033984, 1033984]
[1034052, 1034052]
[1034056, 1034056]
[1034124, 1034124]
[1034128, 1034128]
[1034160, 1034160]
[1034196, 1034196]
[1034200, 1034200]
[1034232, 1034232]
[1034236, 1034236]
[1034268, 1034268]
[1034272, 1034272]
[1034340, 1034340]
[1034344, 1034344]
[1034412, 1034412]
[1034416, 1034416]
[1034484, 1034484]
[1034488, 1034488]
[1034520, 1034520]
[1034556, 1034556]
[1034560, 1034560]
[1034628, 1034628]
[1034632, 1034632]
[1034700, 1034700]
[1034704, 1034704]
[1034772, 1034772]
[1034776, 1034776]
[1034844, 1034844]
[1034848, 1034848]
[1034916, 1034916]
[1034920, 1034920]
[1034988, 1034988]
[1034992, 1034992]
[1035060, 1035060]
[1035064, 1035064]
[1035132, 1035132]
[1035136, 1035136]
[1035204, 1035204]
[1035208, 1035208]
[1035276, 1035276]
[1035280, 1035280]
[1035348, 1035348]
[1035352, 1035352]
[1035420, 1035420]
[1035424, 1035424]
[1035492, 1035492]
[1035496, 1035496]
[1035564, 1035564]
[1035568, 1035568]
[1035636, 1035636]
[1035640, 1035640]
[1035708, 1035708]
[1035712, 1035712]
[1035780, 1035780]
[1035784, 1035784]
[1035852, 1035852]
[1035856, 1035856]
[1035924, 1035924]
[1035928, 1035928]
[1035996, 1035996]
[1036000, 1036000]
[1036068, 1036068]
[1036072, 1036072]
[1036140, 1036140]
[1036144, 1036144]
[1036212, 1036212]
[1036216, 1036216]
[1036284, 1036284]
[1036288, 1036288]
[1036356, 1036356]
[1036360, 1036360]
[1036392, 1036392]
[1036428, 1036428]
[1036432, 1036432]
[1036500, 1036500]
[1036504, 1036504]
[1036572, 1036572]
[1036576, 1036576]
[1036644, 1036644]
[1036648, 1036648]
[1036716, 1036716]
[1036720, 1036720]
[2919696, 2919696]
[2919700, 2919700]
[2919704, 2919704]
[2919708, 2919708]
[2919712, 2919712]
[2919716, 2919716]
[2919720, 2919720]
[2920592, 2920592]
[2920600, 2920600]
[2928168, 2928168]
[2930236, 2930236]
[2930244, 2930244]
[2937424, 2937424]
[2937428, 2937428]
[2944056, 2944056]
[2944060, 2944060]
[2950372, 2950372]
[2950376, 2950376]
[2956868, 2956868]
[2956872, 2956872]
[2962816, 2962816]
[2963012, 2963012]
[2963016, 2963016]
[2963020, 2963020]
[2963024, 2963024]
[2963028, 2963028]
[2963456, 2963456]
[2963460, 2963460]
[2963504, 2963504]
[2969892, 2969892]
[2969924, 2969924]
[2976240, 2976240]
[2976268, 2976268]
[2976276, 2976276]
[2982580, 2982580]
[2982588, 2982588]
[2988496, 2988496]
[2988500, 2988500]
[2988672, 2988672]
[2988676, 2988676]
[2988680, 2988680]
[2989028, 2989028]
[2989036, 2989036]
[2995152, 2995152]
[2995160, 2995160]
[3001184, 3001184]
[3001188, 3001188]
[3001280, 3001280]
[3001284, 3001284]
[3001288, 3001288]
[3001292, 3001292]
[3007184, 3007184]
[3007188, 3007188]
[3013192, 3013192]
[3013196, 3013196]
[3019200, 3019200]
[3019204, 3019204]
[3019236, 3019236]
[3019348, 3019348]
[3019352, 3019352]
[3025540, 3025540]
[3025604, 3025604]
[3025856, 3025856]
[3025860, 3025860]
[3025864, 3025864]
[3025868, 3025868]
[3031772, 3031772]
[3031800, 3031800]
[3031808, 3031808]
[3037708, 3037708]
[3037716, 3037716]
[3043612, 3043612]
[3043620, 3043620]
[3049508, 3049508]
[3049516, 3049516]
[3055404, 3055404]
[3055408, 3055408]
[3061296, 3061296]
[3061300, 3061300]
[3067180, 3067180]
[3067184, 3067184]
[3073072, 3073072]
[3073076, 3073076]
[3073108, 3073108]
[3078968, 3078968]
[3078996, 3078996]
[3084860, 3084860]
[3084884, 3084884]
[3084896, 3084896]
[3090780, 3090780]
[3090788, 3090788]
[3096668, 3096668]
[3096676, 3096676]
[3102568, 3102568]
[3102576, 3102576]
[3108452, 3108452]
[3108456, 3108456]
[3114336, 3114336]
[3114340, 3114340]
[3120216, 3120216]
[3120220, 3120220]
[3126100, 3126100]
[3126104, 3126104]
[3126136, 3126136]
[3131996, 3131996]
[3132024, 3132024]
[3137884, 3137884]
[3137908, 3137908]
[3143776, 3143776]
[3143800, 3143800]
[3143808, 3143808]
[3149688, 3149688]
[3149696, 3149696]
[3155576, 3155576]
[3155584, 3155584]
[3161464, 3161464]
[3161472, 3161472]
[3167348, 3167348]
[3167352, 3167352]
[3173232, 3173232]
[3173236, 3173236]
[3179116, 3179116]
[3179120, 3179120]
[3179152, 3179152]
[3185012, 3185012]
[3185040, 3185040]
[3190904, 3190904]
[3190928, 3190928]
[3196796, 3196796]
[3196820, 3196820]
[3196828, 3196828]
[3202712, 3202712]
[3202720, 3202720]
[3208600, 3208600]
[3208608, 3208608]
[3214492, 3214492]
[3214500, 3214500]
[3220380, 3220380]
[3220384, 3220384]
[3226268, 3226268]
[3226272, 3226272]
[3232160, 3232160]
[3232164, 3232164]
[3232196, 3232196]
[3238068, 3238068]
[3238100, 3238100]
[3243964, 3243964]
[3243992, 3243992]
[3249940, 3249940]
[3249964, 3249964]
[3249976, 3249976]
[3255980, 3255980]
[3255988, 3255988]
[3261984, 3261984]
[3261992, 3261992]
[3267968, 3267968]
[3267976, 3267976]
[3273916, 3273916]
[3273920, 3273920]
[3279864, 3279864]
[3279868, 3279868]
[3285816, 3285816]
[3285820, 3285820]
[3285852, 3285852]
[3291776, 3291776]
[3291808, 3291808]
[3297764, 3297764]
[3297792, 3297792]
[3304036, 3304036]
[3304060, 3304060]
[3310180, 3310180]
[3310184, 3310184]
[3310520, 3310520]
[3310544, 3310544]
[3310552, 3310552]
[3317216, 3317216]
[3317224, 3317224]
[3323292, 3323293]
[3324016, 3324016]
[3324024, 3324024]
[3330800, 3330800]
[3330808, 3330808]
[3330832, 3330832]
[3330836, 3330836]
[3330840, 3330840]
[3330972, 3330972]
[3330976, 3330976]
[3330980, 3330980]
[3330984, 3330984]
[3330988, 3330988]
[3330992, 3330992]
[3330996, 3330996]
[3331000, 3331000]
[3331004, 3331004]
[3331008, 3331008]
[3331108, 3331108]
[3337196, 3337196]
[3337696, 3337696]
[3339136, 3339136]
[3340284, 3340284]
[3340288, 3340288]
[3340292, 3340292]
[3340804, 3340804]
[3340808, 3340808]
[3340812, 3340812]
[3340816, 3340816]
[3340820, 3340820]
[3340824, 3340824]
[3340828, 3340828]
[3340832, 3340832]
[3340836, 3340836]
[3340840, 3340840]
[3341320, 3341320]
[3341324, 3341324]
[3341332, 3341332]
[3341744, 3341744]
[3341748, 3341748]
[3341752, 3341752]
[3341756, 3341756]
[3341760, 3341760]
[3341764, 3341764]
[3351736, 3351736]
[3351740, 3351740]
[3351744, 3351744]
[3351748, 3351748]
[3352428, 3352428]
[3355376, 3355376]
[3355380, 3355380]
[3355384, 3355384]
[3355388, 3355388]
[3355392, 3355392]
[3355396, 3355396]
[3355400, 3355400]
[3356140, 3356140]
[3356144, 3356144]
[3356148, 3356148]
[3356152, 3356152]
[3356156, 3356156]
[3356160, 3356160]
[3356164, 3356164]
[3356168, 3356168]
[3356172, 3356172]
[3356176, 3356176]
[3356180, 3356180]
[3356184, 3356184]
[3356188, 3356188]
[3356192, 3356192]
[3356196, 3356196]
[3356200, 3356200]
[3356204, 3356204]
[3356208, 3356208]
[3356212, 3356212]
[3356216, 3356216]
[3361824, 3361824]
[3361984, 3361984]
[3361988, 3361988]
[3361992, 3361992]
[3362248, 3362248]
[3362252, 3362252]
[3362256, 3362256]
[3362568, 3362568]
[3362572, 3362572]
[3362576, 3362576]
[3362580, 3362580]
[3362584, 3362584]
[3362896, 3362896]
[3362900, 3362900]
[3362904, 3362904]
[3362908, 3362908]
[3362912, 3362912]
[3363236, 3363236]
[3363240, 3363240]
[3363244, 3363244]
[3363248, 3363248]
[3363252, 3363252]
[3363564, 3363564]
[3363568, 3363568]
[3363796, 3363796]
[3365168, 3365168]
[3365172, 3365172]
[3365176, 3365176]
[3365424, 3365424]
[3365468, 3365468]
[3365472, 3365472]
[3365476, 3365476]
[3365500, 3365500]
[3365504, 3365504]
[3365508, 3365508]
[3365512, 3365512]
[3365516, 3365516]
[3365520, 3365520]
[3365524, 3365524]
[3365528, 3365528]
[3365532, 3365532]
[3365536, 3365536]
[3365540, 3365540]
[3365544, 3365544]
[3365548, 3365548]
[3365552, 3365552]
[4503664, 4503664]
[4503668, 4503668]
[4503672, 4503672]
[4503680, 4503680]
[4503684, 4503684]
[4503688, 4503688]
[4503692, 4503692]
[4503700, 4503700]
[4503704, 4503704]
[4503708, 4503708]
[4558384, 4558384]
[4558392, 4558392]
[4563860, 4563860]
[4563872, 4563872]
[4563876, 4563876]
[4563880, 4563880]
[4563888, 4563888]
[4563892, 4563892]
[4569364, 4569364]
[4569376, 4569376]
[4749912, 4749912]
[4749920, 4749920]
[4749928, 4749928]
[4749932, 4749932]
[4749944, 4749944]
[4870296, 4870296]
[4870308, 4870308]
[4875780, 4875780]
[4875796, 4875796]
[5484844, 5484844]
[5484864, 5484864]
[5485028, 5485028]
[5485125, 5485134]
[5485136, 5485156]
[5485165, 5485167]
[5485169, 5485179]
[5485181, 5485187]
[5485190, 5485206]
[5485376, 5485376]
[5494492, 5494492]
