# F3_VS_F2B: C:\Users\BAIJUN~1\AppData\Local\Temp\drc-probe-e-p5o4nbxs\probe_e_F3.brd vs C:\Users\BAIJUN~1\AppData\Local\Temp\drc-probe-e-p5o4nbxs\probe_e_F2b.brd
# size_a=5494892 size_b=5494892 diff_bytes=12355 ranges=3716
[36, 39]
[144, 145]
[152, 153]
[244, 244]
[263, 264]
[266, 270]
[272, 276]
[280, 287]
[289, 294]
[296, 300]
[302, 306]
[328, 328]
[1592, 1593]
[1600, 1602]
[1605, 1606]
[1688, 1689]
[4596, 4596]
[301462, 301465]
[301472, 301472]
[301476, 301477]
[301488, 301488]
[301490, 301492]
[301496, 301497]
[301500, 301500]
[301504, 301505]
[301516, 301516]
[301518, 301520]
[301524, 301525]
[301536, 301537]
[301540, 301543]
[301568, 301568]
[301572, 301572]
[301584, 301585]
[301588, 301591]
[301616, 301623]
[301648, 301649]
[301652, 301656]
[301668, 301668]
[301670, 301670]
[301672, 301672]
[301676, 301676]
[301680, 301688]
[301712, 301712]
[301714, 301716]
[301720, 301721]
[301728, 301730]
[301736, 301738]
[301744, 301746]
[301752, 301753]
[301756, 301757]
[301760, 301760]
[301764, 301764]
[301768, 301768]
[301776, 301777]
[301780, 301780]
[301784, 301785]
[301788, 301789]
[301792, 301793]
[301796, 301796]
[301800, 301801]
[301804, 301805]
[301808, 301809]
[301812, 301812]
[301816, 301818]
[301828, 301828]
[301830, 301833]
[301836, 301837]
[301840, 301840]
[301844, 301848]
[301850, 301850]
[301852, 301860]
[301864, 301864]
[301868, 301868]
[301872, 301874]
[301884, 301884]
[301888, 301889]
[301892, 301892]
[301896, 301897]
[301900, 301900]
[301904, 301905]
[301908, 301908]
[301912, 301914]
[301932, 301932]
[301936, 301936]
[301940, 301940]
[301944, 301944]
[301948, 301948]
[301956, 301957]
[301960, 301961]
[301968, 301969]
[301972, 301977]
[301980, 301981]
[301988, 302004]
[302012, 302045]
[302048, 302049]
[302052, 302053]
[302056, 302057]
[302060, 302061]
[302064, 302065]
[302068, 302069]
[302072, 302073]
[302076, 302077]
[302080, 302081]
[302084, 302085]
[302088, 302089]
[302092, 302093]
[302096, 302097]
[302100, 302101]
[302104, 302105]
[302112, 302141]
[302144, 302207]
[302212, 302299]
[302524, 302551]
[302580, 302580]
[302584, 302584]
[302587, 302589]
[302592, 302593]
[302596, 302597]
[302600, 302601]
[302604, 302604]
[302608, 302608]
[302612, 302612]
[302616, 302617]
[302620, 302620]
[302622, 302624]
[302644, 302645]
[302648, 302676]
[302684, 302684]
[302686, 302686]
[302688, 302688]
[302692, 302692]
[302694, 302695]
[302698, 302698]
[302704, 302704]
[302706, 302706]
[302708, 302708]
[302710, 302710]
[302712, 302712]
[302716, 302716]
[302718, 302718]
[302720, 302720]
[302722, 302722]
[302724, 302724]
[302726, 302726]
[302728, 302728]
[302732, 302732]
[302734, 302734]
[302736, 302736]
[302738, 302738]
[302750, 302750]
[302756, 302756]
[302762, 302762]
[302764, 302764]
[302784, 302784]
[302786, 302787]
[302789, 302789]
[302792, 302792]
[302794, 302795]
[302797, 302798]
[302801, 302801]
[302812, 302812]
[302815, 302815]
[302824, 302824]
[302826, 302828]
[302832, 302833]
[302836, 302836]
[302844, 302851]
[302872, 302872]
[302874, 302876]
[302880, 302881]
[302884, 302884]
[302888, 302888]
[302892, 302893]
[302896, 302896]
[302900, 302900]
[302902, 302905]
[302908, 302909]
[302912, 302912]
[302920, 302920]
[302924, 302924]
[302928, 302929]
[302952, 302952]
[302956, 302957]
[302980, 302980]
[302984, 302985]
[303008, 303008]
[303012, 303013]
[303036, 303036]
[303040, 303041]
[303064, 303064]
[303068, 303069]
[303092, 303092]
[303096, 303097]
[303120, 303120]
[303124, 303125]
[303148, 303148]
[303152, 303153]
[303176, 303176]
[303180, 303181]
[303204, 303204]
[303208, 303209]
[303232, 303232]
[303236, 303237]
[303260, 303260]
[303264, 303265]
[303292, 303293]
[303320, 303321]
[303348, 303349]
[303376, 303377]
[303404, 303405]
[303432, 303433]
[303460, 303461]
[303484, 303484]
[303488, 303489]
[303512, 303512]
[303516, 303517]
[303540, 303540]
[303544, 303545]
[303568, 303568]
[303572, 303573]
[303596, 303596]
[303600, 303601]
[303624, 303624]
[303628, 303629]
[303652, 303652]
[303656, 303657]
[303680, 303680]
[303684, 303685]
[303708, 303708]
[303712, 303713]
[303736, 303736]
[303740, 303741]
[303764, 303764]
[303766, 303768]
[303772, 303773]
[303776, 303776]
[303780, 303781]
[303784, 303786]
[303788, 303798]
[303800, 303803]
[303808, 303808]
[303810, 303810]
[303816, 303816]
[303818, 303820]
[303824, 303825]
[303828, 303828]
[303832, 303833]
[303836, 303837]
[303848, 303848]
[303850, 303852]
[303856, 303857]
[303860, 303860]
[303866, 303866]
[303868, 303875]
[303880, 303884]
[303896, 303896]
[303898, 303900]
[303904, 303905]
[303908, 303908]
[303912, 303916]
[303920, 303924]
[303926, 303928]
[303932, 303933]
[303936, 303936]
[303940, 303940]
[303942, 303942]
[303944, 303954]
[303960, 303960]
[303966, 303966]
[303976, 303976]
[303978, 303980]
[303984, 303985]
[303988, 303988]
[303992, 303992]
[304044, 304044]
[304048, 304048]
[304056, 304056]
[304058, 304058]
[304060, 304060]
[304062, 304062]
[304064, 304064]
[304066, 304066]
[304072, 304072]
[304076, 304076]
[304078, 304079]
[304084, 304086]
[304094, 304096]
[304104, 304104]
[304108, 304108]
[304112, 304112]
[304128, 304128]
[304160, 304160]
[304172, 304172]
[304174, 304176]
[304180, 304181]
[304188, 304189]
[304192, 304192]
[304196, 304231]
[304233, 304283]
[304286, 304287]
[304289, 304291]
[304294, 304299]
[304302, 304303]
[304306, 304307]
[304310, 304311]
[304314, 304315]
[304318, 304319]
[304322, 304323]
[304326, 304327]
[304329, 304331]
[304334, 304335]
[304338, 304339]
[304342, 304363]
[304366, 304367]
[304370, 304371]
[304374, 304375]
[304378, 304395]
[304398, 304399]
[304402, 304403]
[304406, 304407]
[304410, 304419]
[304422, 304431]
[304433, 304435]
[304438, 304439]
[304442, 304443]
[304446, 304447]
[304450, 304451]
[304454, 304455]
[304458, 304531]
[304548, 304555]
[304560, 304563]
[304592, 304595]
[304624, 304627]
[304656, 304683]
[304688, 304691]
[304720, 304721]
[304723, 304723]
[304752, 304753]
[304755, 304767]
[304784, 304785]
[304787, 304787]
[304816, 304819]
[304822, 304822]
[304824, 304827]
[304856, 304857]
[304859, 304859]
[304888, 304889]
[304891, 304891]
[304920, 305320]
[305456, 305456]
[305460, 305461]
[305464, 305492]
[305512, 305516]
[305641, 305642]
[305648, 305648]
[305650, 305650]
[305652, 305653]
[305656, 305656]
[305658, 305661]
[305664, 305665]
[305668, 305668]
[305672, 305672]
[305676, 305676]
[305688, 305688]
[305696, 305705]
[305708, 305708]
[305712, 305712]
[305716, 305716]
[305718, 305718]
[305724, 305730]
[305736, 305736]
[305740, 305740]
[305744, 305744]
[305752, 305758]
[305764, 305764]
[305768, 305768]
[305772, 305772]
[305774, 305774]
[305776, 305776]
[305778, 305778]
[305780, 305786]
[305792, 305792]
[305796, 305796]
[305800, 305800]
[305802, 305802]
[305804, 305804]
[305806, 305806]
[305808, 305814]
[305820, 305820]
[305824, 305824]
[305828, 305828]
[305830, 305830]
[305832, 305832]
[305834, 305834]
[305836, 305842]
[305848, 305848]
[305852, 305852]
[305856, 305856]
[305858, 305858]
[305860, 305860]
[305862, 305862]
[305864, 305870]
[305876, 305876]
[305880, 305880]
[305884, 305884]
[305886, 305886]
[305888, 305888]
[305890, 305890]
[305892, 305898]
[305904, 305904]
[305908, 305908]
[305912, 305912]
[305914, 305914]
[305916, 305916]
[305918, 305918]
[305920, 305926]
[305932, 305932]
[305936, 305936]
[305940, 305940]
[305944, 305944]
[305948, 305954]
[305960, 305960]
[305964, 305964]
[305968, 305968]
[305972, 305972]
[305974, 305974]
[305976, 305983]
[305988, 305988]
[305992, 305992]
[305996, 305996]
[306000, 306000]
[306002, 306002]
[306004, 306011]
[306016, 306016]
[306020, 306020]
[306024, 306024]
[306028, 306028]
[306030, 306030]
[306032, 306039]
[306044, 306044]
[306048, 306048]
[306052, 306052]
[306058, 306058]
[306060, 306067]
[306072, 306072]
[306076, 306076]
[306080, 306080]
[306082, 306082]
[306086, 306086]
[306088, 306095]
[306100, 306100]
[306104, 306104]
[306108, 306108]
[306110, 306110]
[306114, 306114]
[306116, 306123]
[306128, 306128]
[306132, 306132]
[306136, 306136]
[306138, 306138]
[306142, 306142]
[306144, 306151]
[306156, 306156]
[306160, 306160]
[306164, 306164]
[306166, 306166]
[306168, 306168]
[306172, 306179]
[306184, 306184]
[306188, 306188]
[306192, 306192]
[306194, 306194]
[306196, 306196]
[306198, 306198]
[306200, 306207]
[306212, 306212]
[306216, 306216]
[306220, 306220]
[306222, 306222]
[306224, 306224]
[306226, 306226]
[306228, 306235]
[306240, 306240]
[306244, 306244]
[306248, 306248]
[306250, 306250]
[306252, 306252]
[306254, 306254]
[306256, 306263]
[306268, 306268]
[306272, 306272]
[306276, 306276]
[306278, 306278]
[306280, 306280]
[306282, 306282]
[306284, 306291]
[306296, 306296]
[306300, 306300]
[306304, 306304]
[306306, 306306]
[306308, 306308]
[306310, 306310]
[306312, 306319]
[306324, 306324]
[306328, 306328]
[306332, 306332]
[306334, 306334]
[306336, 306336]
[306340, 306347]
[306352, 306352]
[306356, 306356]
[306360, 306360]
[306362, 306362]
[306364, 306364]
[306366, 306366]
[306368, 306375]
[306380, 306380]
[306384, 306384]
[306388, 306388]
[306392, 306392]
[306396, 306403]
[306408, 306408]
[306412, 306412]
[306416, 306416]
[306420, 306420]
[306422, 306422]
[306424, 306431]
[306436, 306436]
[306440, 306440]
[306444, 306444]
[306448, 306448]
[306450, 306450]
[306452, 306459]
[306464, 306464]
[306468, 306468]
[306472, 306472]
[306476, 306476]
[306478, 306478]
[306480, 306487]
[306492, 306492]
[306496, 306496]
[306500, 306500]
[306506, 306506]
[306508, 306515]
[306520, 306520]
[306524, 306524]
[306528, 306528]
[306530, 306530]
[306534, 306534]
[306536, 306543]
[306548, 306548]
[306552, 306552]
[306556, 306556]
[306558, 306558]
[306562, 306562]
[306564, 306571]
[306576, 306576]
[306580, 306580]
[306584, 306584]
[306586, 306586]
[306590, 306590]
[306592, 306599]
[306604, 306604]
[306608, 306608]
[306612, 306612]
[306616, 306616]
[306620, 306627]
[306632, 306632]
[306636, 306636]
[306640, 306640]
[306642, 306642]
[306644, 306644]
[306646, 306646]
[306648, 306655]
[306660, 306660]
[306664, 306664]
[306668, 306668]
[306670, 306670]
[306672, 306672]
[306674, 306674]
[306676, 306683]
[306688, 306688]
[306692, 306692]
[306696, 306696]
[306698, 306698]
[306700, 306700]
[306702, 306702]
[306704, 306711]
[306716, 306716]
[306720, 306720]
[306724, 306724]
[306726, 306726]
[306728, 306728]
[306730, 306730]
[306732, 306739]
[306744, 306744]
[306748, 306748]
[306752, 306752]
[306754, 306754]
[306756, 306756]
[306758, 306758]
[306760, 306767]
[306772, 306772]
[306776, 306776]
[306780, 306780]
[306782, 306782]
[306784, 306784]
[306788, 306795]
[306800, 306800]
[306804, 306804]
[306808, 306808]
[306810, 306810]
[306812, 306812]
[306814, 306814]
[306816, 306823]
[306828, 306828]
[306832, 306832]
[306836, 306836]
[306840, 306840]
[306844, 306851]
[306856, 306856]
[306860, 306860]
[306864, 306864]
[306868, 306868]
[306870, 306870]
[306872, 306879]
[306884, 306884]
[306888, 306888]
[306892, 306892]
[306894, 306894]
[306896, 306896]
[306898, 306898]
[306900, 306907]
[306912, 306912]
[306916, 306916]
[306920, 306920]
[306922, 306922]
[306924, 306924]
[306926, 306926]
[306928, 306935]
[306940, 306940]
[306944, 306944]
[306948, 306948]
[306950, 306950]
[306952, 306952]
[306954, 306954]
[306956, 306963]
[306968, 306968]
[306972, 306972]
[306976, 306976]
[306978, 306978]
[306980, 306980]
[306982, 306982]
[306984, 306991]
[306996, 306996]
[307000, 307000]
[307004, 307004]
[307006, 307006]
[307010, 307010]
[307012, 307019]
[307024, 307024]
[307028, 307028]
[307032, 307032]
[307034, 307034]
[307036, 307036]
[307038, 307038]
[307040, 307047]
[307052, 307052]
[307056, 307056]
[307060, 307060]
[307066, 307066]
[307068, 307075]
[307080, 307080]
[307084, 307084]
[307088, 307088]
[307090, 307090]
[307092, 307092]
[307094, 307094]
[307096, 307103]
[307108, 307108]
[307112, 307112]
[307116, 307116]
[307118, 307118]
[307120, 307120]
[307122, 307122]
[307124, 307131]
[307136, 307136]
[307140, 307140]
[307144, 307144]
[307146, 307146]
[307148, 307148]
[307150, 307150]
[307152, 307159]
[307164, 307164]
[307168, 307168]
[307172, 307172]
[307174, 307174]
[307176, 307176]
[307178, 307178]
[307180, 307187]
[307192, 307192]
[307196, 307196]
[307200, 307200]
[307202, 307202]
[307204, 307204]
[307206, 307206]
[307208, 307215]
[307220, 307220]
[307224, 307224]
[307228, 307228]
[307230, 307230]
[307232, 307232]
[307236, 307243]
[307248, 307248]
[307252, 307252]
[307256, 307256]
[307258, 307258]
[307260, 307260]
[307262, 307262]
[307264, 307271]
[307276, 307276]
[307280, 307280]
[307284, 307284]
[307286, 307286]
[307288, 307288]
[307290, 307290]
[307292, 307299]
[307304, 307304]
[307308, 307308]
[307312, 307312]
[307316, 307316]
[307318, 307318]
[307320, 307327]
[307332, 307332]
[307336, 307336]
[307340, 307340]
[307342, 307342]
[307344, 307344]
[307346, 307346]
[307348, 307355]
[307360, 307360]
[307364, 307364]
[307368, 307368]
[307370, 307370]
[307372, 307372]
[307374, 307374]
[307376, 307383]
[307388, 307388]
[307392, 307392]
[307396, 307396]
[307398, 307398]
[307400, 307400]
[307402, 307402]
[307404, 307411]
[307416, 307416]
[307420, 307420]
[307424, 307424]
[307426, 307426]
[307428, 307428]
[307430, 307430]
[307432, 307439]
[307444, 307444]
[307448, 307448]
[307452, 307452]
[307454, 307454]
[307456, 307456]
[307458, 307458]
[307460, 307467]
[307472, 307472]
[307476, 307476]
[307480, 307480]
[307482, 307482]
[307484, 307484]
[307486, 307486]
[307488, 307495]
[307500, 307500]
[307504, 307504]
[307508, 307508]
[307510, 307510]
[307514, 307514]
[307516, 307523]
[307528, 307528]
[307532, 307532]
[307536, 307536]
[307538, 307538]
[307540, 307540]
[307542, 307542]
[307544, 307551]
[307556, 307556]
[307560, 307560]
[307564, 307564]
[307566, 307566]
[307568, 307568]
[307570, 307570]
[307572, 307579]
[307584, 307584]
[307588, 307588]
[307592, 307592]
[307594, 307594]
[307596, 307596]
[307598, 307598]
[307600, 307607]
[307612, 307612]
[307616, 307616]
[307620, 307620]
[307622, 307622]
[307624, 307624]
[307626, 307626]
[307628, 307635]
[307640, 307640]
[307644, 307644]
[307648, 307648]
[307650, 307650]
[307652, 307652]
[307654, 307654]
[307656, 307663]
[307668, 307668]
[307672, 307672]
[307676, 307676]
[307678, 307678]
[307680, 307680]
[307682, 307682]
[307684, 307691]
[307696, 307696]
[307700, 307700]
[307704, 307704]
[307706, 307706]
[307708, 307708]
[307710, 307710]
[307712, 307719]
[307724, 307724]
[307728, 307728]
[307732, 307732]
[307734, 307734]
[307736, 307736]
[307738, 307738]
[307740, 307747]
[307752, 307752]
[307756, 307756]
[307760, 307760]
[307762, 307762]
[307764, 307764]
[307766, 307766]
[307768, 307775]
[307780, 307780]
[307784, 307784]
[307788, 307788]
[307790, 307790]
[307792, 307792]
[307794, 307794]
[307796, 307803]
[307808, 307808]
[307812, 307812]
[307816, 307816]
[307818, 307818]
[307820, 307820]
[307822, 307822]
[307824, 307831]
[307836, 307836]
[307840, 307840]
[307844, 307844]
[307846, 307846]
[307848, 307848]
[307850, 307850]
[307852, 307859]
[307864, 307864]
[307868, 307868]
[307872, 307872]
[307874, 307874]
[307876, 307876]
[307878, 307878]
[307880, 307887]
[307892, 307892]
[307896, 307896]
[307900, 307900]
[307902, 307902]
[307904, 307904]
[307906, 307906]
[307908, 307915]
[307920, 307920]
[307924, 307924]
[307928, 307928]
[307930, 307930]
[307932, 307932]
[307934, 307934]
[307936, 307943]
[307948, 307948]
[307952, 307952]
[307956, 307956]
[307960, 307960]
[307962, 307962]
[307964, 307971]
[307976, 307976]
[307980, 307980]
[307984, 307984]
[307986, 307986]
[307988, 307988]
[307990, 307990]
[307992, 307999]
[308004, 308004]
[308008, 308008]
[308012, 308012]
[308014, 308014]
[308016, 308016]
[308018, 308018]
[308020, 308027]
[308032, 308032]
[308036, 308036]
[308040, 308040]
[308042, 308042]
[308044, 308044]
[308046, 308046]
[308048, 308055]
[308060, 308060]
[308064, 308064]
[308068, 308068]
[308070, 308070]
[308072, 308072]
[308074, 308074]
[308076, 308083]
[308088, 308088]
[308092, 308092]
[308096, 308096]
[308098, 308098]
[308100, 308100]
[308102, 308102]
[308104, 308111]
[308116, 308116]
[308120, 308120]
[308124, 308124]
[308126, 308126]
[308128, 308128]
[308130, 308130]
[308132, 308139]
[308144, 308144]
[308148, 308148]
[308152, 308152]
[308154, 308154]
[308156, 308156]
[308158, 308158]
[308160, 308167]
[308172, 308172]
[308176, 308176]
[308180, 308180]
[308182, 308182]
[308184, 308184]
[308186, 308186]
[308188, 308195]
[308200, 308200]
[308204, 308204]
[308208, 308208]
[308210, 308210]
[308212, 308212]
[308214, 308214]
[308216, 308223]
[308228, 308228]
[308232, 308232]
[308236, 308236]
[308238, 308238]
[308240, 308240]
[308242, 308242]
[308244, 308251]
[308256, 308256]
[308260, 308260]
[308264, 308264]
[308266, 308266]
[308268, 308268]
[308270, 308270]
[308272, 308279]
[308284, 308284]
[308288, 308288]
[308292, 308292]
[308294, 308294]
[308296, 308296]
[308298, 308298]
[308300, 308307]
[308312, 308312]
[308316, 308316]
[308320, 308320]
[308322, 308322]
[308324, 308324]
[308326, 308326]
[308328, 308335]
[308340, 308340]
[308344, 308344]
[308348, 308348]
[308350, 308350]
[308352, 308352]
[308354, 308354]
[308356, 308363]
[308368, 308368]
[308372, 308372]
[308376, 308376]
[308378, 308378]
[308380, 308380]
[308382, 308382]
[308384, 308391]
[308396, 308396]
[308400, 308400]
[308404, 308404]
[308406, 308406]
[308412, 308419]
[308424, 308424]
[308428, 308428]
[308432, 308432]
[308434, 308434]
[308436, 308436]
[308438, 308438]
[308440, 308447]
[308452, 308452]
[308456, 308456]
[308460, 308460]
[308462, 308462]
[308464, 308464]
[308468, 308475]
[308480, 308480]
[308484, 308484]
[308488, 308488]
[308490, 308490]
[308492, 308492]
[308496, 308504]
[308508, 308508]
[308512, 308512]
[308516, 308516]
[308518, 308518]
[308520, 308520]
[308524, 308532]
[308536, 308536]
[308540, 308540]
[308544, 308544]
[308546, 308546]
[308548, 308548]
[308550, 308550]
[308552, 308560]
[308564, 308564]
[308568, 308568]
[308572, 308572]
[308574, 308574]
[308576, 308576]
[308580, 308588]
[308592, 308592]
[308596, 308596]
[308600, 308600]
[308604, 308604]
[308608, 308616]
[308620, 308620]
[308624, 308624]
[308628, 308628]
[308632, 308632]
[308636, 308644]
[308648, 308648]
[308652, 308652]
[308656, 308656]
[308660, 308660]
[308662, 308662]
[308664, 308672]
[308676, 308676]
[308680, 308680]
[308684, 308684]
[308688, 308688]
[308690, 308690]
[308692, 308700]
[308704, 308704]
[308708, 308708]
[308712, 308712]
[308718, 308718]
[308720, 308728]
[308732, 308732]
[308736, 308736]
[308740, 308740]
[308742, 308742]
[308744, 308744]
[308746, 308746]
[308748, 308756]
[308760, 308760]
[308764, 308764]
[308768, 308768]
[308770, 308770]
[308772, 308772]
[308774, 308774]
[308776, 308784]
[308788, 308788]
[308792, 308792]
[308796, 308796]
[308798, 308798]
[308802, 308802]
[308804, 308812]
[308816, 308816]
[308820, 308820]
[308824, 308824]
[308826, 308826]
[308830, 308830]
[308832, 308840]
[308844, 308844]
[308848, 308848]
[308852, 308852]
[308854, 308854]
[308860, 308868]
[308872, 308872]
[308876, 308876]
[308880, 308880]
[308882, 308882]
[308884, 308884]
[308886, 308886]
[308888, 308896]
[308900, 308900]
[308904, 308904]
[308908, 308908]
[308910, 308910]
[308912, 308912]
[308916, 308924]
[308928, 308928]
[308932, 308932]
[308936, 308936]
[308938, 308938]
[308940, 308940]
[308944, 308952]
[308956, 308956]
[308960, 308960]
[308964, 308964]
[308966, 308966]
[308968, 308968]
[308972, 308980]
[308984, 308984]
[308988, 308988]
[308992, 308992]
[308994, 308994]
[308996, 308996]
[308998, 308998]
[309000, 309008]
[309012, 309012]
[309016, 309016]
[309020, 309020]
[309022, 309022]
[309024, 309024]
[309028, 309036]
[309040, 309040]
[309044, 309044]
[309048, 309048]
[309052, 309052]
[309056, 309064]
[309068, 309068]
[309072, 309072]
[309076, 309076]
[309080, 309080]
[309084, 309092]
[309096, 309096]
[309100, 309100]
[309104, 309104]
[309108, 309108]
[309110, 309110]
[309112, 309120]
[309124, 309124]
[309128, 309128]
[309132, 309132]
[309136, 309136]
[309138, 309138]
[309140, 309148]
[309152, 309152]
[309156, 309156]
[309160, 309160]
[309166, 309166]
[309168, 309176]
[309180, 309180]
[309184, 309184]
[309188, 309188]
[309190, 309190]
[309192, 309192]
[309194, 309194]
[309196, 309204]
[309208, 309208]
[309212, 309212]
[309216, 309216]
[309218, 309218]
[309220, 309220]
[309222, 309222]
[309224, 309232]
[309236, 309236]
[309240, 309240]
[309244, 309244]
[309246, 309246]
[309250, 309250]
[309252, 309260]
[309264, 309264]
[309268, 309268]
[309272, 309272]
[309274, 309274]
[309278, 309278]
[309280, 309288]
[309292, 309292]
[309296, 309296]
[309300, 309300]
[309302, 309302]
[309308, 309316]
[309320, 309320]
[309324, 309324]
[309328, 309328]
[309330, 309330]
[309332, 309332]
[309334, 309334]
[309336, 309344]
[309348, 309348]
[309352, 309352]
[309356, 309356]
[309358, 309358]
[309360, 309360]
[309364, 309372]
[309376, 309376]
[309380, 309380]
[309384, 309384]
[309386, 309386]
[309388, 309388]
[309392, 309400]
[309404, 309404]
[309408, 309408]
[309412, 309412]
[309414, 309414]
[309416, 309416]
[309420, 309428]
[309432, 309432]
[309436, 309436]
[309440, 309440]
[309442, 309442]
[309444, 309444]
[309446, 309446]
[309448, 309456]
[309460, 309460]
[309464, 309464]
[309468, 309468]
[309470, 309470]
[309472, 309472]
[309476, 309484]
[309488, 309488]
[309492, 309492]
[309496, 309496]
[309500, 309500]
[309504, 309512]
[309516, 309516]
[309520, 309520]
[309524, 309524]
[309528, 309528]
[309532, 309540]
[309544, 309544]
[309548, 309548]
[309552, 309552]
[309556, 309556]
[309558, 309558]
[309560, 309568]
[309572, 309572]
[309576, 309576]
[309580, 309580]
[309584, 309584]
[309586, 309586]
[309588, 309596]
[309600, 309600]
[309604, 309604]
[309608, 309608]
[309614, 309614]
[309616, 309624]
[309628, 309628]
[309632, 309632]
[309636, 309636]
[309638, 309638]
[309640, 309640]
[309642, 309642]
[309644, 309652]
[309656, 309656]
[309660, 309660]
[309664, 309664]
[309666, 309666]
[309668, 309668]
[309670, 309670]
[309672, 309680]
[309684, 309684]
[309688, 309688]
[309692, 309692]
[309694, 309694]
[309698, 309698]
[309700, 309708]
[309712, 309712]
[309716, 309716]
[309720, 309720]
[309722, 309722]
[309726, 309726]
[309728, 309736]
[309740, 309740]
[309744, 309744]
[309748, 309748]
[309750, 309750]
[309756, 309764]
[309768, 309768]
[309772, 309772]
[309776, 309776]
[309778, 309778]
[309780, 309780]
[309782, 309782]
[309784, 309792]
[309796, 309796]
[309800, 309800]
[309804, 309804]
[309806, 309806]
[309808, 309808]
[309812, 309820]
[309824, 309824]
[309828, 309828]
[309832, 309832]
[309834, 309834]
[309836, 309836]
[309840, 309848]
[309852, 309852]
[309856, 309856]
[309860, 309860]
[309862, 309862]
[309864, 309864]
[309868, 309876]
[309880, 309880]
[309884, 309884]
[309888, 309888]
[309890, 309890]
[309892, 309892]
[309894, 309894]
[309896, 309904]
[309908, 309908]
[309912, 309912]
[309916, 309916]
[309918, 309918]
[309920, 309920]
[309924, 309932]
[309936, 309936]
[309940, 309940]
[309944, 309944]
[309948, 309948]
[309952, 309960]
[309964, 309964]
[309968, 309968]
[309972, 309972]
[309976, 309976]
[309980, 309988]
[309992, 309992]
[309996, 309996]
[310000, 310000]
[310004, 310004]
[310006, 310006]
[310008, 310016]
[310020, 310020]
[310024, 310024]
[310028, 310028]
[310032, 310032]
[310034, 310034]
[310036, 310044]
[310048, 310048]
[310052, 310052]
[310056, 310056]
[310062, 310062]
[310064, 310072]
[310076, 310076]
[310080, 310080]
[310084, 310084]
[310086, 310086]
[310088, 310088]
[310090, 310090]
[310092, 310100]
[310104, 310104]
[310108, 310108]
[310112, 310112]
[310114, 310114]
[310116, 310116]
[310118, 310118]
[310120, 310128]
[310132, 310132]
[310136, 310136]
[310140, 310140]
[310142, 310142]
[310146, 310146]
[310148, 310156]
[310160, 310160]
[310164, 310164]
[310168, 310168]
[310170, 310170]
[310174, 310174]
[310176, 310184]
[310188, 310188]
[310192, 310192]
[310196, 310196]
[310198, 310198]
[310204, 310212]
[310216, 310216]
[310220, 310220]
[310224, 310224]
[310226, 310226]
[310228, 310228]
[310230, 310230]
[310232, 310240]
[310244, 310244]
[310248, 310248]
[310252, 310252]
[310254, 310254]
[310256, 310256]
[310260, 310268]
[310272, 310272]
[310276, 310276]
[310280, 310280]
[310282, 310282]
[310284, 310284]
[310288, 310296]
[310300, 310300]
[310304, 310304]
[310308, 310308]
[310310, 310310]
[310312, 310312]
[310316, 310324]
[310328, 310328]
[310332, 310332]
[310336, 310336]
[310338, 310338]
[310340, 310340]
[310342, 310342]
[310344, 310352]
[310356, 310356]
[310360, 310360]
[310364, 310364]
[310366, 310366]
[310368, 310368]
[310372, 310380]
[310384, 310384]
[310388, 310388]
[310392, 310392]
[310396, 310396]
[310400, 310408]
[310412, 310412]
[310416, 310416]
[310420, 310420]
[310424, 310424]
[310428, 310436]
[310440, 310440]
[310444, 310444]
[310448, 310448]
[310452, 310452]
[310454, 310454]
[310456, 310464]
[310468, 310468]
[310472, 310472]
[310476, 310476]
[310480, 310480]
[310482, 310482]
[310484, 310492]
[310496, 310496]
[310500, 310500]
[310504, 310504]
[310510, 310510]
[310512, 310520]
[310524, 310524]
[310528, 310528]
[310532, 310532]
[310534, 310534]
[310536, 310536]
[310538, 310538]
[310540, 310548]
[310552, 310552]
[310556, 310556]
[310560, 310560]
[310562, 310562]
[310564, 310564]
[310566, 310566]
[310568, 310576]
[310580, 310580]
[310584, 310584]
[310588, 310588]
[310590, 310590]
[310594, 310594]
[310596, 310604]
[310608, 310608]
[310612, 310612]
[310616, 310616]
[310618, 310618]
[310622, 310622]
[310624, 310632]
[310636, 310636]
[310640, 310640]
[310644, 310644]
[310646, 310646]
[310652, 310660]
[310664, 310664]
[310668, 310668]
[310672, 310672]
[310674, 310674]
[310676, 310676]
[310678, 310678]
[310680, 310688]
[310692, 310692]
[310696, 310696]
[310700, 310700]
[310702, 310702]
[310704, 310704]
[310708, 310716]
[310720, 310720]
[310724, 310724]
[310728, 310728]
[310730, 310730]
[310732, 310732]
[310736, 310744]
[310748, 310748]
[310752, 310752]
[310756, 310756]
[310758, 310758]
[310760, 310760]
[310764, 310772]
[310776, 310776]
[310780, 310780]
[310784, 310784]
[310786, 310786]
[310788, 310788]
[310790, 310790]
[310792, 310800]
[310804, 310804]
[310808, 310808]
[310812, 310812]
[310814, 310814]
[310816, 310816]
[310820, 310828]
[310832, 310832]
[310836, 310836]
[310840, 310840]
[310844, 310844]
[310848, 310856]
[310860, 310860]
[310864, 310864]
[310868, 310868]
[310872, 310872]
[310876, 310884]
[310888, 310888]
[310892, 310892]
[310896, 310896]
[310900, 310900]
[310902, 310902]
[310904, 310912]
[310916, 310916]
[310920, 310920]
[310924, 310924]
[310928, 310928]
[310930, 310930]
[310932, 310940]
[310944, 310944]
[310948, 310948]
[310952, 310952]
[310958, 310958]
[310960, 310968]
[310972, 310972]
[310976, 310976]
[310980, 310980]
[310982, 310982]
[310984, 310984]
[310986, 310986]
[310988, 310996]
[311000, 311000]
[311004, 311004]
[311008, 311008]
[311010, 311010]
[311012, 311012]
[311014, 311014]
[311016, 311024]
[311028, 311028]
[311032, 311032]
[311036, 311036]
[311038, 311038]
[311042, 311042]
[311044, 311052]
[311056, 311056]
[311060, 311060]
[311064, 311064]
[311066, 311066]
[311070, 311070]
[311072, 311080]
[311084, 311084]
[311088, 311088]
[311092, 311092]
[311094, 311094]
[311096, 311096]
[311098, 311098]
[311100, 311104]
[311112, 311112]
[311116, 311116]
[311120, 311120]
[311122, 311122]
[311124, 311124]
[311126, 311126]
[311128, 311133]
[311140, 311140]
[311144, 311144]
[311148, 311148]
[311150, 311150]
[311152, 311152]
[311154, 311154]
[311156, 311159]
[311168, 311168]
[311172, 311172]
[311176, 311176]
[311180, 311180]
[311184, 311188]
[311196, 311196]
[311200, 311200]
[311204, 311204]
[311206, 311206]
[311208, 311208]
[311210, 311210]
[311212, 311217]
[311224, 311224]
[311228, 311228]
[311232, 311232]
[311234, 311234]
[311236, 311236]
[311238, 311238]
[311240, 311243]
[311252, 311252]
[311256, 311256]
[311260, 311260]
[311262, 311262]
[311268, 311270]
[311280, 311280]
[311284, 311284]
[311288, 311288]
[311290, 311290]
[311292, 311292]
[311296, 311301]
[311308, 311308]
[311312, 311312]
[311316, 311316]
[311322, 311322]
[311324, 311327]
[311336, 311336]
[311340, 311340]
[311344, 311344]
[311346, 311346]
[311348, 311348]
[311350, 311350]
[311352, 311355]
[311364, 311364]
[311368, 311368]
[311372, 311372]
[311374, 311374]
[311376, 311376]
[311378, 311378]
[311380, 311383]
[311392, 311392]
[311396, 311396]
[311400, 311400]
[311402, 311402]
[311404, 311404]
[311406, 311406]
[311408, 311412]
[311420, 311420]
[311424, 311424]
[311428, 311428]
[311430, 311430]
[311432, 311432]
[311434, 311434]
[311436, 311441]
[311448, 311448]
[311452, 311452]
[311456, 311456]
[311458, 311458]
[311460, 311460]
[311462, 311462]
[311464, 311467]
[311476, 311476]
[311480, 311480]
[311484, 311484]
[311486, 311486]
[311488, 311488]
[311490, 311490]
[311492, 311496]
[311504, 311504]
[311508, 311508]
[311512, 311512]
[311514, 311514]
[311516, 311516]
[311518, 311518]
[311520, 311523]
[311532, 311532]
[311536, 311536]
[311540, 311540]
[311542, 311542]
[311546, 311546]
[311548, 311553]
[311560, 311560]
[311564, 311564]
[311568, 311568]
[311570, 311570]
[311572, 311572]
[311574, 311586]
[311588, 311590]
[311592, 311594]
[311596, 311598]
[311600, 311602]
[311604, 311609]
[311612, 311613]
[311616, 311616]
[311620, 311620]
[311624, 311626]
[311628, 311630]
[311632, 311635]
[311640, 311641]
[311644, 311646]
[311648, 311648]
[311652, 311666]
[311672, 311672]
[311676, 311676]
[311680, 311680]
[311682, 311682]
[311684, 311684]
[311686, 311691]
[311693, 311693]
[311696, 311696]
[311700, 311700]
[311704, 311704]
[311708, 311708]
[311710, 311710]
[311712, 311712]
[311714, 311714]
[311716, 311720]
[311724, 311724]
[311728, 311728]
[311732, 311732]
[311736, 311736]
[311738, 311738]
[311742, 311742]
[311744, 311754]
[311756, 311756]
[311760, 311760]
[311764, 311764]
[311768, 311768]
[311770, 311770]
[311772, 311775]
[311784, 311784]
[311788, 311788]
[311792, 311792]
[311794, 311794]
[311796, 311796]
[311798, 311798]
[311800, 311805]
[311812, 311812]
[311816, 311816]
[311820, 311820]
[311822, 311822]
[311824, 311824]
[311826, 311826]
[311828, 311832]
[311836, 311836]
[311838, 311841]
[311844, 311845]
[311848, 311848]
[311850, 311850]
[311852, 311853]
[311855, 311862]
[311868, 311868]
[311872, 311872]
[311876, 311876]
[311878, 311878]
[311880, 311880]
[311882, 311882]
[311884, 311892]
[311896, 311896]
[311900, 311900]
[311904, 311904]
[311912, 311919]
[311924, 311924]
[311928, 311928]
[311932, 311932]
[311934, 311934]
[311936, 311936]
[311938, 311938]
[311940, 311944]
[311976, 311977]
[311980, 311983]
[312048, 312048]
[312076, 312077]
[312080, 312081]
[312084, 312085]
[312088, 312089]
[312092, 312093]
[312096, 312097]
[312100, 312101]
[312104, 312105]
[312108, 312109]
[312112, 312113]
[312116, 312117]
[312120, 312121]
[312124, 312125]
[312128, 312129]
[312132, 312133]
[312136, 312137]
[312140, 312143]
[312200, 312201]
[312204, 312207]
[312268, 312271]
[312328, 312328]
[312336, 312343]
[312400, 312407]
[312464, 312471]
[312528, 312539]
[312592, 312592]
[312594, 312597]
[312600, 312601]
[312604, 312604]
[312608, 312608]
[312612, 312612]
[312616, 312616]
[312624, 312752]
[312756, 312756]
[312768, 312864]
[312872, 312872]
[312876, 312877]
[312880, 312880]
[312884, 312884]
[312888, 312888]
[312892, 312892]
[312896, 312959]
[312961, 313160]
[313168, 313168]
[313176, 313176]
[313192, 313192]
[313200, 313200]
[313208, 313209]
[313212, 313213]
[313216, 313217]
[313220, 313221]
[313224, 313225]
[313228, 313229]
[313232, 313233]
[313236, 313237]
[313240, 313241]
[313244, 313245]
[313248, 313249]
[313252, 313253]
[313256, 313257]
[313260, 313261]
[313264, 313265]
[313268, 313269]
[313272, 313273]
[313276, 313277]
[313280, 313281]
[313284, 313285]
[313288, 313289]
[313292, 313293]
[313296, 313297]
[313300, 313301]
[313304, 313305]
[313308, 313309]
[313312, 313313]
[313316, 313317]
[313320, 313321]
[313324, 313325]
[313328, 313329]
[313332, 313333]
[313336, 313337]
[313340, 313341]
[313344, 313345]
[313348, 313349]
[313352, 313357]
[313360, 313361]
[313364, 313365]
[313368, 313446]
[313448, 313449]
[313452, 313453]
[313456, 313457]
[313460, 313461]
[313464, 313465]
[313468, 313469]
[313472, 313473]
[313476, 313477]
[313480, 313481]
[313484, 313485]
[313488, 313489]
[313492, 313493]
[313496, 313497]
[313500, 313501]
[313504, 313505]
[313508, 313509]
[313512, 313513]
[313516, 313517]
[313520, 313521]
[313524, 313525]
[313528, 313529]
[313532, 313533]
[313536, 313537]
[313540, 313541]
[313544, 313545]
[313548, 313549]
[313552, 313553]
[313556, 313557]
[313560, 313561]
[313564, 313565]
[313568, 313569]
[313572, 313573]
[313576, 313577]
[313580, 313581]
[313584, 313585]
[313588, 313589]
[313592, 313593]
[313596, 313597]
[313600, 313601]
[313604, 313605]
[313608, 313609]
[313612, 313613]
[313616, 313617]
[313620, 313621]
[313624, 313625]
[313628, 313629]
[313632, 313633]
[313636, 313637]
[313640, 313641]
[313644, 313645]
[313648, 313649]
[313652, 313653]
[313656, 313657]
[313660, 313661]
[313664, 313665]
[313668, 313669]
[313672, 313673]
[313676, 313677]
[313680, 313681]
[313684, 313685]
[313688, 313689]
[313692, 313693]
[313696, 313697]
[313700, 313701]
[313704, 313705]
[313708, 313709]
[313712, 313713]
[313716, 313717]
[313720, 313721]
[313724, 313725]
[313728, 313729]
[313732, 313733]
[313736, 313737]
[313740, 313741]
[313744, 313745]
[313748, 313749]
[313752, 313753]
[313756, 313757]
[313760, 313761]
[313764, 313765]
[313768, 313769]
[313772, 313773]
[313776, 313777]
[313780, 313781]
[313784, 313785]
[313788, 313789]
[313792, 313793]
[313796, 313797]
[313800, 313801]
[313804, 313805]
[313808, 313809]
[313812, 313813]
[313816, 313817]
[313820, 313821]
[313824, 313825]
[313828, 313829]
[313832, 313833]
[313836, 313837]
[313840, 313841]
[313844, 313845]
[313848, 313849]
[313852, 313853]
[313856, 313857]
[313860, 313861]
[313864, 313865]
[313868, 313869]
[313872, 313873]
[313876, 313877]
[313880, 313881]
[313884, 313885]
[313888, 313889]
[313892, 313893]
[313896, 313897]
[313900, 313901]
[313904, 313905]
[313908, 313909]
[313912, 313913]
[313916, 313917]
[313920, 313921]
[313924, 313925]
[313928, 313929]
[313932, 313933]
[313936, 313937]
[313940, 313941]
[313944, 313945]
[313948, 313949]
[313952, 313953]
[313956, 313957]
[313960, 313961]
[313964, 313965]
[313968, 313969]
[313972, 313973]
[313976, 313977]
[313980, 313981]
[313984, 313985]
[313988, 313989]
[313992, 313993]
[313996, 313997]
[314000, 314001]
[314004, 314005]
[314019, 314049]
[314264, 314264]
[314266, 314268]
[314272, 314273]
[314276, 314277]
[314280, 314281]
[314284, 314285]
[314288, 314289]
[314292, 314293]
[314296, 314296]
[314300, 314301]
[314304, 314304]
[314308, 314314]
[314316, 314316]
[314318, 314318]
[314320, 314320]
[314322, 314324]
[314328, 314328]
[314330, 314330]
[314332, 314332]
[314336, 314336]
[314338, 314338]
[314342, 314342]
[314344, 314345]
[314348, 314349]
[314352, 314353]
[314356, 314357]
[314360, 314361]
[314364, 314365]
[314368, 314369]
[314372, 314373]
[314376, 314377]
[314380, 314381]
[314384, 314385]
[314388, 314389]
[314392, 314392]
[314394, 314397]
[314400, 314406]
[314408, 314409]
[314412, 314414]
[314420, 314420]
[314972, 314973]
[314980, 314981]
[315028, 315028]
[315036, 315036]
[315048, 315048]
[315056, 315056]
[315068, 315068]
[315070, 315073]
[315076, 315081]
[315084, 315162]
[315164, 315165]
[315168, 315169]
[315172, 315173]
[315176, 315177]
[315180, 315181]
[315184, 315185]
[315188, 315189]
[315192, 315193]
[315196, 315197]
[315200, 315201]
[315204, 315204]
[315206, 315209]
[315212, 315213]
[315216, 315216]
[315220, 315220]
[315224, 315224]
[315228, 315228]
[315236, 315364]
[315368, 315368]
[315380, 315476]
[315484, 315484]
[315488, 315488]
[315492, 315492]
[315496, 315496]
[315500, 315500]
[315504, 315504]
[315508, 315508]
[315516, 315516]
[315532, 315532]
[315536, 315536]
[315540, 315636]
[315644, 315771]
[315780, 315780]
[315804, 315804]
[315812, 315812]
[315820, 315821]
[315824, 315825]
[315828, 315829]
[315832, 315833]
[315836, 315837]
[315840, 315841]
[315844, 315845]
[315848, 315849]
[315852, 315853]
[315856, 315857]
[315860, 315861]
[315864, 315865]
[315868, 315869]
[315872, 315873]
[315876, 315877]
[315880, 315881]
[315884, 315885]
[315888, 315889]
[315892, 315893]
[315896, 315897]
[315900, 315901]
[315904, 315905]
[315908, 315909]
[315912, 315913]
[315916, 315917]
[315920, 315921]
[315924, 315925]
[315928, 315929]
[315932, 315933]
[315936, 315937]
[315940, 315941]
[315944, 315945]
[315948, 315949]
[315952, 315953]
[315956, 315957]
[315960, 315961]
[315964, 315965]
[315968, 315969]
[315972, 315973]
[315976, 315977]
[315980, 315981]
[315984, 315985]
[315988, 315989]
[315992, 315993]
[315996, 315997]
[316000, 316001]
[316004, 316005]
[316008, 316009]
[316012, 316013]
[316016, 316017]
[316020, 316021]
[316024, 316025]
[316028, 316029]
[316032, 316033]
[316036, 316037]
[316040, 316041]
[316044, 316045]
[316048, 316049]
[316052, 316053]
[316056, 316057]
[316060, 316061]
[316064, 316065]
[316068, 316069]
[316072, 316073]
[316076, 316077]
[316080, 316081]
[316084, 316085]
[316088, 316089]
[316092, 316093]
[316096, 316097]
[316100, 316101]
[316104, 316105]
[316108, 316109]
[316112, 316113]
[316116, 316121]
[316124, 316125]
[316128, 316129]
[316132, 316133]
[316136, 316137]
[316140, 316141]
[316144, 316145]
[316149, 316149]
[316152, 316153]
[316156, 316165]
[316169, 316169]
[316173, 316173]
[316177, 316178]
[316180, 316181]
[316184, 316190]
[316192, 316193]
[316196, 316197]
[316200, 316201]
[316205, 316205]
[316208, 316209]
[316212, 316218]
[316220, 316221]
[316224, 316225]
[316228, 316229]
[316233, 316234]
[316236, 316238]
[316240, 316246]
[316248, 316249]
[316252, 316253]
[316256, 316257]
[316261, 316262]
[316264, 316266]
[316268, 316274]
[316276, 316277]
[316280, 316281]
[316284, 316285]
[316289, 316290]
[316292, 316294]
[316296, 316302]
[316304, 316305]
[316308, 316309]
[316312, 316313]
[316317, 316318]
[316320, 316322]
[316324, 316330]
[316332, 316333]
[316336, 316337]
[316340, 316341]
[316345, 316346]
[316348, 316350]
[316352, 316358]
[316360, 316361]
[316364, 316365]
[316368, 316369]
[316373, 316374]
[316376, 316378]
[316380, 316386]
[316388, 316389]
[316392, 316393]
[316396, 316397]
[316401, 316401]
[316404, 316405]
[316408, 316414]
[316416, 316417]
[316420, 316421]
[316424, 316425]
[316429, 316429]
[316432, 316434]
[316436, 316445]
[316448, 316449]
[316452, 316453]
[316457, 316457]
[316460, 316462]
[316464, 316473]
[316476, 316477]
[316480, 316481]
[316485, 316485]
[316488, 316490]
[316492, 316501]
[316504, 316505]
[316508, 316509]
[316513, 316513]
[316516, 316518]
[316520, 316529]
[316532, 316533]
[316536, 316537]
[316541, 316542]
[316544, 316546]
[316548, 316557]
[316560, 316561]
[316564, 316565]
[316569, 316570]
[316572, 316574]
[316576, 316585]
[316588, 316589]
[316592, 316593]
[316597, 316598]
[316600, 316602]
[316604, 316613]
[316616, 316617]
[316620, 316620]
[316624, 316624]
[316626, 316626]
[316628, 316628]
[316631, 316667]
[316672, 316672]
[316676, 316676]
[316680, 316680]
[316682, 316682]
[316684, 316684]
[316686, 316686]
[316688, 316695]
[316700, 316700]
[316704, 316704]
[316708, 316708]
[316710, 316710]
[316712, 316712]
[316714, 316714]
[316716, 316723]
[316728, 316728]
[316732, 316732]
[316736, 316736]
[316738, 316738]
[316740, 316740]
[316742, 316742]
[316744, 316751]
[316756, 316756]
[316760, 316760]
[316764, 316764]
[316766, 316766]
[316768, 316768]
[316770, 316770]
[316772, 316779]
[316784, 316784]
[316788, 316788]
[316792, 316792]
[316794, 316794]
[316796, 316796]
[316800, 316807]
[316812, 316812]
[316816, 316816]
[316820, 316820]
[316822, 316822]
[316824, 316824]
[316826, 316826]
[316828, 316835]
[316840, 316840]
[316844, 316844]
[316848, 316848]
[316852, 316852]
[316856, 316863]
[316868, 316868]
[316872, 316872]
[316876, 316876]
[316878, 316882]
[316884, 316896]
[316900, 316900]
[316904, 316904]
[316908, 316908]
[316910, 316910]
[316912, 316919]
[316924, 316924]
[316928, 316928]
[316932, 316932]
[316936, 316936]
[316938, 316938]
[316940, 316947]
[316952, 316953]
[316956, 316960]
[316966, 316966]
[316968, 316975]
[316980, 316980]
[316984, 316984]
[316988, 316988]
[316990, 316990]
[316994, 316994]
[316996, 317003]
[317008, 317008]
[317012, 317012]
[317016, 317018]
[317020, 317031]
[317036, 317036]
[317040, 317040]
[317044, 317044]
[317046, 317046]
[317050, 317050]
[317052, 317059]
[317064, 317064]
[317068, 317068]
[317072, 317072]
[317076, 317076]
[317080, 317088]
[317092, 317092]
[317096, 317096]
[317100, 317100]
[317102, 317102]
[317104, 317104]
[317106, 317106]
[317108, 317117]
[317120, 317121]
[317124, 317125]
[317128, 317130]
[317132, 317134]
[317136, 317145]
[317148, 317149]
[317152, 317153]
[317156, 317158]
[317160, 317162]
[317164, 317173]
[317176, 317177]
[317180, 317184]
[317186, 317186]
[317188, 317188]
[317190, 317190]
[317192, 317199]
[317204, 317204]
[317208, 317208]
[317212, 317212]
[317214, 317214]
[317216, 317216]
[317218, 317218]
[317220, 317227]
[317232, 317232]
[317236, 317236]
[317240, 317242]
[317244, 317255]
[317260, 317260]
[317264, 317264]
[317268, 317268]
[317270, 317270]
[317272, 317272]
[317274, 317274]
[317276, 317283]
[317288, 317288]
[317292, 317292]
[317296, 317296]
[317300, 317300]
[317304, 317311]
[317316, 317316]
[317320, 317320]
[317324, 317324]
[317328, 317328]
[317330, 317330]
[317332, 317339]
[317344, 317344]
[317348, 317348]
[317352, 317352]
[317354, 317354]
[317356, 317356]
[317358, 317358]
[317360, 317368]
[317372, 317372]
[317376, 317384]
[317386, 317386]
[317388, 317395]
[317400, 317400]
[317404, 317404]
[317408, 317408]
[317410, 317410]
[317412, 317412]
[317414, 317414]
[317416, 317423]
[317428, 317428]
[317432, 317432]
[317436, 317436]
[317438, 317438]
[317440, 317441]
[317443, 317451]
[317456, 317456]
[317460, 317460]
[317464, 317464]
[317466, 317466]
[317470, 317470]
[317472, 317479]
[317484, 317484]
[317488, 317488]
[317492, 317492]
[317494, 317494]
[317496, 317496]
[317498, 317498]
[317500, 317512]
[317516, 317516]
[317520, 317520]
[317526, 317526]
[317528, 317535]
[317540, 317540]
[317544, 317544]
[317548, 317548]
[317550, 317550]
[317552, 317552]
[317554, 317554]
[317556, 317563]
[317568, 317580]
[317582, 317582]
[317584, 317591]
[317596, 317596]
[317600, 317600]
[317604, 317604]
[317606, 317606]
[317608, 317608]
[317610, 317610]
[317612, 317619]
[317624, 317624]
[317628, 317628]
[317632, 317632]
[317634, 317636]
[317638, 317638]
[317640, 317648]
[317652, 317652]
[317656, 317656]
[317660, 317660]
[317662, 317662]
[317664, 317664]
[317666, 317666]
[317668, 317676]
[317680, 317680]
[317684, 317684]
[317688, 317688]
[317690, 317690]
[317692, 317692]
[317696, 317703]
[317708, 317708]
[317712, 317712]
[317716, 317716]
[317718, 317718]
[317720, 317720]
[317722, 317722]
[317724, 317731]
[317736, 317736]
[317740, 317740]
[317744, 317744]
[317746, 317746]
[317748, 317748]
[317750, 317750]
[317752, 317759]
[317764, 317764]
[317768, 317768]
[317772, 317772]
[317776, 317776]
[317778, 317778]
[317780, 317788]
[317792, 317793]
[317796, 317798]
[317800, 317802]
[317804, 317806]
[317808, 317817]
[317820, 317821]
[317824, 317825]
[317828, 317828]
[317830, 317830]
[317832, 317832]
[317834, 317834]
[317836, 317843]
[317848, 317848]
[317852, 317853]
[317856, 317858]
[317860, 317860]
[317862, 317862]
[317864, 317871]
[317873, 317874]
[317876, 317878]
[317880, 317880]
[317884, 317884]
[317886, 317886]
[317888, 317888]
[317890, 317890]
[317892, 317901]
[317904, 317905]
[317908, 317908]
[317912, 317912]
[317914, 317914]
[317916, 317916]
[317918, 317918]
[317920, 317941]
[317943, 317969]
[317971, 317973]
[317975, 317989]
[317992, 317992]
[317996, 317998]
[318000, 318002]
[318004, 318022]
[318024, 318026]
[318028, 318030]
[318032, 318052]
[318054, 318054]
[318056, 318056]
[318058, 318058]
[318060, 318137]
[318139, 318139]
[318141, 318188]
[318194, 318194]
[318197, 318223]
[318225, 318253]
[318255, 318281]
[318283, 318309]
[318311, 318324]
[318328, 318328]
[318332, 318337]
[318339, 318361]
[318363, 318365]
[318367, 318389]
[318391, 318406]
[318408, 318419]
[318421, 318421]
[318423, 318445]
[318447, 318447]
[318449, 318449]
[318451, 318459]
[318464, 318464]
[318468, 318585]
[318587, 318587]
[318589, 318600]
[318604, 318643]
[318645, 318668]
[318670, 318670]
[318672, 318674]
[318676, 318701]
[318703, 318729]
[318731, 318739]
[318744, 318744]
[318748, 318748]
[318752, 318752]
[318754, 318754]
[318756, 318756]
[318758, 318758]
[318760, 318767]
[318772, 318772]
[318776, 318776]
[318780, 318780]
[318782, 318782]
[318784, 318784]
[318786, 318786]
[318788, 318795]
[318800, 318800]
[318804, 318804]
[318808, 318808]
[318810, 318810]
[318812, 318812]
[318814, 318814]
[318816, 318823]
[318828, 318828]
[318832, 318832]
[318836, 318836]
[318838, 318838]
[318840, 318840]
[318842, 318842]
[318844, 318851]
[318856, 318856]
[318860, 318860]
[318864, 318864]
[318866, 318866]
[318872, 318879]
[318884, 318884]
[318888, 318888]
[318892, 318892]
[318894, 318894]
[318896, 318896]
[318898, 318898]
[318900, 318907]
[318912, 318912]
[318916, 318916]
[318920, 318920]
[318922, 318922]
[318924, 318924]
[318928, 318935]
[318940, 318940]
[318944, 318944]
[318948, 318948]
[318950, 318950]
[318952, 318952]
[318956, 318964]
[318968, 318968]
[318972, 318972]
[318976, 318976]
[318978, 318978]
[318980, 318980]
[318984, 318992]
[318996, 318996]
[319000, 319000]
[319004, 319004]
[319006, 319006]
[319008, 319008]
[319010, 319010]
[319012, 319020]
[319024, 319024]
[319028, 319028]
[319032, 319032]
[319034, 319034]
[319036, 319036]
[319040, 319048]
[319052, 319052]
[319056, 319056]
[319060, 319060]
[319064, 319064]
[319068, 319076]
[319080, 319080]
[319084, 319084]
[319088, 319088]
[319092, 319092]
[319096, 319104]
[319108, 319108]
[319112, 319112]
[319116, 319116]
[319120, 319120]
[319122, 319122]
[319124, 319132]
[319136, 319136]
[319140, 319140]
[319144, 319144]
[319148, 319148]
[319150, 319150]
[319152, 319160]
[319164, 319164]
[319168, 319168]
[319172, 319172]
[319178, 319178]
[319180, 319188]
[319192, 319192]
[319196, 319196]
[319200, 319200]
[319202, 319202]
[319204, 319204]
[319206, 319206]
[319208, 319216]
[319220, 319220]
[319224, 319224]
[319228, 319228]
[319230, 319230]
[319232, 319232]
[319234, 319234]
[319236, 319244]
[319248, 319248]
[319252, 319252]
[319256, 319256]
[319258, 319258]
[319262, 319262]
[319264, 319272]
[319276, 319276]
[319280, 319280]
[319284, 319284]
[319286, 319286]
[319290, 319290]
[319292, 319300]
[319304, 319304]
[319308, 319308]
[319312, 319312]
[319314, 319314]
[319320, 319328]
[319332, 319332]
[319336, 319336]
[319340, 319340]
[319342, 319342]
[319344, 319344]
[319346, 319346]
[319348, 319356]
[319360, 319360]
[319364, 319364]
[319368, 319368]
[319370, 319370]
[319372, 319372]
[319376, 319384]
[319388, 319388]
[319392, 319392]
[319396, 319396]
[319398, 319398]
[319400, 319400]
[319404, 319412]
[319416, 319416]
[319420, 319420]
[319424, 319424]
[319426, 319426]
[319428, 319428]
[319432, 319440]
[319444, 319444]
[319448, 319448]
[319452, 319452]
[319454, 319454]
[319456, 319456]
[319458, 319458]
[319460, 319468]
[319472, 319472]
[319476, 319476]
[319480, 319480]
[319482, 319482]
[319484, 319484]
[319488, 319496]
[319500, 319500]
[319504, 319504]
[319508, 319508]
[319512, 319512]
[319516, 319524]
[319528, 319528]
[319532, 319532]
[319536, 319536]
[319540, 319540]
[319544, 319552]
[319556, 319556]
[319560, 319560]
[319564, 319564]
[319568, 319568]
[319570, 319570]
[319572, 319580]
[319584, 319584]
[319588, 319588]
[319592, 319592]
[319596, 319596]
[319598, 319598]
[319600, 319608]
[319612, 319612]
[319616, 319616]
[319620, 319620]
[319626, 319626]
[319628, 319636]
[319640, 319640]
[319644, 319644]
[319648, 319648]
[319650, 319650]
[319652, 319652]
[319654, 319654]
[319656, 319664]
[319668, 319668]
[319672, 319672]
[319676, 319676]
[319678, 319678]
[319680, 319680]
[319682, 319682]
[319684, 319692]
[319696, 319696]
[319700, 319700]
[319704, 319704]
[319706, 319706]
[319710, 319710]
[319712, 319720]
[319724, 319724]
[319728, 319728]
[319732, 319732]
[319734, 319734]
[319738, 319738]
[319740, 319748]
[319752, 319752]
[319756, 319756]
[319760, 319760]
[319762, 319762]
[319768, 319776]
[319780, 319780]
[319784, 319784]
[319788, 319788]
[319790, 319790]
[319792, 319792]
[319794, 319794]
[319796, 319804]
[319808, 319808]
[319812, 319812]
[319816, 319816]
[319818, 319818]
[319820, 319820]
[319824, 319832]
[319836, 319836]
[319840, 319840]
[319844, 319844]
[319846, 319846]
[319848, 319848]
[319852, 319860]
[319864, 319864]
[319868, 319868]
[319872, 319872]
[319874, 319874]
[319876, 319876]
[319880, 319888]
[319892, 319892]
[319896, 319896]
[319900, 319900]
[319902, 319902]
[319904, 319904]
[319906, 319906]
[319908, 319916]
[319920, 319920]
[319924, 319924]
[319928, 319928]
[319930, 319930]
[319932, 319932]
[319936, 319944]
[319948, 319948]
[319952, 319952]
[319956, 319956]
[319960, 319960]
[319964, 319972]
[319976, 319976]
[319980, 319980]
[319984, 319984]
[319988, 319988]
[319992, 320000]
[320004, 320004]
[320008, 320008]
[320012, 320012]
[320016, 320016]
[320018, 320018]
[320020, 320028]
[320032, 320032]
[320036, 320036]
[320040, 320040]
[320044, 320044]
[320046, 320046]
[320048, 320056]
[320060, 320060]
[320064, 320064]
[320068, 320068]
[320074, 320074]
[320076, 320084]
[320088, 320088]
[320092, 320092]
[320096, 320096]
[320098, 320098]
[320100, 320100]
[320102, 320102]
[320104, 320112]
[320116, 320116]
[320120, 320120]
[320124, 320124]
[320126, 320126]
[320128, 320128]
[320130, 320130]
[320132, 320140]
[320144, 320144]
[320148, 320148]
[320152, 320152]
[320154, 320154]
[320158, 320158]
[320160, 320168]
[320172, 320172]
[320176, 320176]
[320180, 320180]
[320182, 320182]
[320186, 320186]
[320188, 320196]
[320200, 320200]
[320204, 320204]
[320208, 320208]
[320210, 320210]
[320216, 320224]
[320228, 320228]
[320232, 320232]
[320236, 320236]
[320238, 320238]
[320240, 320240]
[320242, 320242]
[320244, 320252]
[320256, 320256]
[320260, 320260]
[320264, 320264]
[320266, 320266]
[320268, 320268]
[320272, 320280]
[320284, 320284]
[320288, 320288]
[320292, 320292]
[320294, 320294]
[320296, 320296]
[320300, 320308]
[320312, 320312]
[320316, 320316]
[320320, 320320]
[320322, 320322]
[320324, 320324]
[320328, 320336]
[320340, 320340]
[320344, 320344]
[320348, 320348]
[320350, 320350]
[320352, 320352]
[320354, 320354]
[320356, 320364]
[320368, 320368]
[320372, 320372]
[320376, 320376]
[320378, 320378]
[320380, 320380]
[320384, 320392]
[320396, 320396]
[320400, 320400]
[320404, 320404]
[320408, 320408]
[320412, 320420]
[320424, 320424]
[320428, 320428]
[320432, 320432]
[320436, 320436]
[320440, 320448]
[320452, 320452]
[320456, 320456]
[320460, 320460]
[320464, 320464]
[320466, 320466]
[320468, 320476]
[320480, 320480]
[320484, 320484]
[320488, 320488]
[320492, 320492]
[320494, 320494]
[320496, 320504]
[320508, 320508]
[320512, 320512]
[320516, 320516]
[320522, 320522]
[320524, 320532]
[320536, 320536]
[320540, 320540]
[320544, 320544]
[320546, 320546]
[320548, 320548]
[320550, 320550]
[320552, 320560]
[320564, 320564]
[320568, 320568]
[320572, 320572]
[320574, 320574]
[320576, 320576]
[320578, 320578]
[320580, 320588]
[320592, 320592]
[320596, 320596]
[320600, 320600]
[320602, 320602]
[320606, 320606]
[320608, 320616]
[320620, 320620]
[320624, 320624]
[320628, 320628]
[320630, 320630]
[320634, 320634]
[320636, 320644]
[320648, 320648]
[320652, 320652]
[320656, 320656]
[320658, 320658]
[320664, 320672]
[320676, 320676]
[320680, 320680]
[320684, 320684]
[320686, 320686]
[320688, 320688]
[320690, 320690]
[320692, 320700]
[320704, 320704]
[320708, 320708]
[320712, 320712]
[320714, 320714]
[320716, 320716]
[320720, 320728]
[320732, 320732]
[320736, 320736]
[320740, 320740]
[320742, 320742]
[320744, 320744]
[320748, 320756]
[320760, 320760]
[320764, 320764]
[320768, 320768]
[320770, 320770]
[320772, 320772]
[320776, 320784]
[320788, 320788]
[320792, 320792]
[320796, 320796]
[320798, 320798]
[320800, 320800]
[320802, 320802]
[320804, 320812]
[320816, 320816]
[320820, 320820]
[320824, 320824]
[320826, 320826]
[320828, 320828]
[320832, 320840]
[320844, 320844]
[320848, 320848]
[320852, 320852]
[320856, 320856]
[320860, 320868]
[320872, 320872]
[320876, 320876]
[320880, 320880]
[320884, 320884]
[320888, 320896]
[320900, 320900]
[320904, 320904]
[320908, 320908]
[320912, 320912]
[320914, 320914]
[320916, 320924]
[320928, 320928]
[320932, 320932]
[320936, 320936]
[320940, 320940]
[320942, 320942]
[320944, 320952]
[320956, 320956]
[320960, 320960]
[320964, 320964]
[320970, 320970]
[320972, 320980]
[320984, 320984]
[320988, 320988]
[320992, 320992]
[320994, 320994]
[320996, 320996]
[320998, 320998]
[321000, 321008]
[321012, 321012]
[321016, 321016]
[321020, 321020]
[321022, 321022]
[321024, 321024]
[321026, 321026]
[321028, 321036]
[321040, 321040]
[321044, 321044]
[321048, 321048]
[321050, 321050]
[321054, 321054]
[321056, 321064]
[321068, 321068]
[321072, 321072]
[321076, 321076]
[321078, 321078]
[321082, 321082]
[321084, 321092]
[321096, 321096]
[321100, 321100]
[321104, 321104]
[321106, 321106]
[321112, 321120]
[321124, 321124]
[321128, 321128]
[321132, 321132]
[321134, 321134]
[321136, 321136]
[321138, 321138]
[321140, 321148]
[321152, 321152]
[321156, 321156]
[321160, 321160]
[321162, 321162]
[321164, 321164]
[321168, 321176]
[321180, 321180]
[321184, 321184]
[321188, 321188]
[321190, 321190]
[321192, 321192]
[321196, 321204]
[321208, 321208]
[321212, 321212]
[321216, 321216]
[321218, 321218]
[321220, 321220]
[321224, 321232]
[321236, 321236]
[321240, 321240]
[321244, 321244]
[321246, 321246]
[321248, 321248]
[321250, 321250]
[321252, 321260]
[321264, 321264]
[321268, 321268]
[321272, 321272]
[321274, 321274]
[321276, 321276]
[321280, 321288]
[321292, 321292]
[321296, 321296]
[321300, 321300]
[321304, 321304]
[321308, 321316]
[321320, 321320]
[321324, 321324]
[321328, 321328]
[321332, 321332]
[321336, 321344]
[321348, 321348]
[321352, 321352]
[321356, 321356]
[321360, 321360]
[321362, 321362]
[321364, 321372]
[321376, 321376]
[321380, 321380]
[321384, 321384]
[321388, 321388]
[321390, 321390]
[321392, 321400]
[321404, 321404]
[321408, 321408]
[321412, 321412]
[321418, 321418]
[321420, 321428]
[321432, 321432]
[321436, 321436]
[321440, 321440]
[321442, 321442]
[321444, 321444]
[321446, 321446]
[321448, 321456]
[321460, 321460]
[321464, 321464]
[321468, 321468]
[321470, 321470]
[321472, 321472]
[321474, 321474]
[321476, 321484]
[321488, 321488]
[321492, 321492]
[321496, 321496]
[321498, 321498]
[321502, 321502]
[321504, 321512]
[321516, 321516]
[321520, 321520]
[321524, 321524]
[321526, 321526]
[321530, 321530]
[321532, 321540]
[321544, 321544]
[321548, 321548]
[321552, 321552]
[321554, 321554]
[321556, 321556]
[321558, 321558]
[321560, 321564]
[321572, 321572]
[321576, 321576]
[321580, 321580]
[321582, 321582]
[321584, 321584]
[321586, 321586]
[321588, 321593]
[321600, 321600]
[321604, 321604]
[321608, 321608]
[321610, 321610]
[321612, 321612]
[321614, 321614]
[321616, 321619]
[321628, 321628]
[321632, 321632]
[321636, 321636]
[321640, 321640]
[321644, 321648]
[321656, 321656]
[321660, 321660]
[321664, 321664]
[321666, 321666]
[321668, 321668]
[321670, 321670]
[321672, 321677]
[321684, 321684]
[321688, 321688]
[321692, 321692]
[321694, 321694]
[321696, 321696]
[321698, 321698]
[321700, 321703]
[321712, 321712]
[321716, 321716]
[321720, 321720]
[321722, 321722]
[321728, 321730]
[321740, 321740]
[321744, 321744]
[321748, 321748]
[321750, 321750]
[321752, 321752]
[321756, 321761]
[321768, 321768]
[321772, 321772]
[321776, 321776]
[321782, 321782]
[321784, 321787]
[321796, 321796]
[321800, 321800]
[321804, 321804]
[321806, 321806]
[321808, 321808]
[321810, 321810]
[321812, 321815]
[321824, 321824]
[321828, 321828]
[321832, 321832]
[321834, 321834]
[321836, 321836]
[321838, 321838]
[321840, 321843]
[321852, 321852]
[321856, 321856]
[321860, 321860]
[321862, 321862]
[321864, 321864]
[321866, 321866]
[321868, 321872]
[321880, 321880]
[321884, 321884]
[321888, 321888]
[321890, 321890]
[321892, 321892]
[321894, 321894]
[321896, 321901]
[321908, 321908]
[321912, 321912]
[321916, 321916]
[321918, 321918]
[321920, 321920]
[321922, 321922]
[321924, 321927]
[321936, 321936]
[321940, 321940]
[321944, 321944]
[321946, 321946]
[321948, 321948]
[321950, 321950]
[321952, 321956]
[321964, 321964]
[321968, 321968]
[321972, 321972]
[321974, 321974]
[321976, 321976]
[321978, 321978]
[321980, 321983]
[321992, 321992]
[321996, 321996]
[322000, 322000]
[322002, 322002]
[322006, 322006]
[322008, 322013]
[322020, 322020]
[322024, 322024]
[322028, 322028]
[322030, 322030]
[322032, 322032]
[322034, 322034]
[322036, 322043]
[322048, 322048]
[322052, 322052]
[322056, 322056]
[322058, 322058]
[322060, 322060]
[322062, 322062]
[322064, 322069]
[322076, 322076]
[322080, 322080]
[322084, 322084]
[322086, 322086]
[322088, 322088]
[322090, 322090]
[322092, 322095]
[322104, 322104]
[322108, 322108]
[322112, 322112]
[322114, 322114]
[322116, 322116]
[322118, 322118]
[322120, 322123]
[322132, 322132]
[322136, 322136]
[322140, 322140]
[322142, 322142]
[322144, 322144]
[322146, 322146]
[322148, 322152]
[322160, 322160]
[322164, 322164]
[322168, 322168]
[322170, 322170]
[322172, 322172]
[322174, 322174]
[322176, 322180]
[322188, 322188]
[322192, 322192]
[322196, 322196]
[322198, 322198]
[322202, 322202]
[322204, 322214]
[322216, 322216]
[322220, 322220]
[322224, 322224]
[322228, 322228]
[322230, 322230]
[322232, 322235]
[322244, 322244]
[322248, 322248]
[322252, 322252]
[322254, 322254]
[322256, 322256]
[322258, 322258]
[322260, 322265]
[322272, 322272]
[322276, 322276]
[322280, 322280]
[322282, 322282]
[322284, 322284]
[322286, 322286]
[322288, 322292]
[322300, 322300]
[322304, 322304]
[322308, 322308]
[322310, 322310]
[322314, 322314]
[322316, 322322]
[322328, 322328]
[322332, 322332]
[322336, 322336]
[322338, 322338]
[322340, 322340]
[322342, 322342]
[322344, 322352]
[322356, 322356]
[322360, 322360]
[322364, 322364]
[322372, 322376]
[322384, 322384]
[322388, 322388]
[322392, 322392]
[322394, 322394]
[322396, 322396]
[322398, 322398]
[322400, 322404]
[323336, 323337]
[323356, 323547]
[323549, 323579]
[323612, 323612]
[323614, 323614]
[323616, 323616]
[323619, 323620]
[323636, 323636]
[323652, 323652]
[323668, 323668]
[323812, 323812]
[323814, 323817]
[323820, 323821]
[323824, 323825]
[323836, 323836]
[323839, 323868]
[323871, 323900]
[323903, 323932]
[323935, 323963]
[323981, 323982]
[323988, 323988]
[323996, 324124]
[324130, 324130]
[324132, 324228]
[324230, 324628]
[324764, 324764]
[324768, 324769]
[324772, 324800]
[324820, 324824]
[324949, 324950]
[324956, 324956]
[324958, 324958]
[324960, 324961]
[324964, 324964]
[324966, 324968]
[324972, 324973]
[324976, 324976]
[324979, 324979]
[324984, 324985]
[324988, 324990]
[324996, 324997]
[325008, 325008]
[325010, 325013]
[325016, 325017]
[325020, 325020]
[325024, 325027]
[325032, 325039]
[325048, 325048]
[325052, 325054]
[325064, 325064]
[325068, 325069]
[325072, 325072]
[325076, 325077]
[325080, 325080]
[325084, 325085]
[325088, 325088]
[325092, 325094]
[325136, 325137]
[325140, 325141]
[325148, 325149]
[325152, 325157]
[325160, 325161]
[325168, 325184]
[325192, 325225]
[325228, 325229]
[325232, 325233]
[325236, 325266]
[325268, 325270]
[325272, 325273]
[325276, 325277]
[325280, 325281]
[325284, 325285]
[325292, 325321]
[325324, 325387]
[325392, 325479]
[325492, 325492]
[325494, 325496]
[325500, 325501]
[325504, 325504]
[325508, 325508]
[325510, 325510]
[325512, 325522]
[325528, 325528]
[325534, 325534]
[325544, 325544]
[325546, 325548]
[325552, 325553]
[325556, 325556]
[325560, 325564]
[325568, 325572]
[325574, 325576]
[325580, 325581]
[325584, 325584]
[325590, 325590]
[325592, 325599]
[325604, 325608]
[325620, 325620]
[325622, 325624]
[325628, 325629]
[325632, 325632]
[325636, 325637]
[325640, 325641]
[325652, 325652]
[325654, 325656]
[325660, 325661]
[325664, 325664]
[325668, 325669]
[325672, 325674]
[325676, 325686]
[325688, 325691]
[325696, 325696]
[325698, 325698]
[325704, 325733]
[325756, 325756]
[325760, 325761]
[325764, 325764]
[325767, 325769]
[325772, 325773]
[325776, 325777]
[325780, 325781]
[325784, 325784]
[325788, 325789]
[325792, 325792]
[325796, 325797]
[325800, 325800]
[325802, 325804]
[325812, 325812]
[325816, 325817]
[325824, 325825]
[325828, 325856]
[325864, 325864]
[325866, 325866]
[325868, 325868]
[325872, 325875]
[325878, 325878]
[325884, 325884]
[325886, 325886]
[325888, 325888]
[325890, 325890]
[325892, 325892]
[325896, 325896]
[325898, 325898]
[325900, 325902]
[325904, 325904]
[325906, 325906]
[325908, 325908]
[325912, 325912]
[325914, 325914]
[325916, 325916]
[325918, 325918]
[325924, 325924]
[325928, 325930]
[325936, 325936]
[325942, 325942]
[325944, 325944]
[325952, 325952]
[325956, 325957]
[325964, 325964]
[325966, 325967]
[325969, 325969]
[325972, 325972]
[325974, 325975]
[325977, 325978]
[325980, 325981]
[325984, 325985]
[325992, 325992]
[325995, 325995]
[326008, 326008]
[326012, 326013]
[326036, 326036]
[326040, 326041]
[326064, 326064]
[326068, 326069]
[326096, 326097]
[326124, 326125]
[326152, 326153]
[326180, 326181]
[326208, 326209]
[326236, 326237]
[326264, 326265]
[326288, 326288]
[326292, 326293]
[326316, 326316]
[326320, 326321]
[326344, 326344]
[326348, 326349]
[326372, 326372]
[326376, 326377]
[326400, 326400]
[326404, 326405]
[326428, 326428]
[326432, 326433]
[326456, 326456]
[326460, 326461]
[326484, 326484]
[326488, 326489]
[326512, 326512]
[326516, 326517]
[326540, 326540]
[326544, 326545]
[326568, 326568]
[326570, 326572]
[326576, 326577]
[326580, 326580]
[326584, 326584]
[326588, 326589]
[326592, 326592]
[326596, 326596]
[326598, 326600]
[326604, 326605]
[326608, 326608]
[326616, 326623]
[326644, 326644]
[326646, 326649]
[326652, 326653]
[326656, 326657]
[326660, 326660]
[327276, 327276]
[327308, 327308]
[327340, 327340]
[327372, 327372]
[327404, 327411]
[327413, 327475]
[327477, 327640]
[327642, 327644]
[327646, 327646]
[327648, 327649]
[327652, 327652]
[327656, 327658]
[327660, 327660]
[327664, 327666]
[327672, 327674]
[327680, 327681]
[327684, 327685]
[327704, 327705]
[327708, 327708]
[327712, 327713]
[327716, 327717]
[327720, 327721]
[327724, 327724]
[327728, 327729]
[327732, 327733]
[327736, 327737]
[327740, 327740]
[327744, 327746]
[327756, 327756]
[327758, 327760]
[327764, 327765]
[327776, 327777]
[327780, 327783]
[327808, 327808]
[327812, 327812]
[327824, 327826]
[327828, 327832]
[327836, 327836]
[327840, 327840]
[327844, 327844]
[327856, 327863]
[327888, 327889]
[327892, 327895]
[327908, 327908]
[327912, 327912]
[327916, 327916]
[327920, 327927]
[327952, 327952]
[327954, 327956]
[327960, 327961]
[327964, 327964]
[327968, 327969]
[327980, 327980]
[327982, 327984]
[327988, 327988]
[327996, 327997]
[328004, 328005]
[1016312, 1016312]
[1016384, 1016384]
[1018016, 1018017]
[1018028, 1018030]
[1018032, 1018034]
[1018036, 1018037]
[1018040, 1018041]
[1018052, 1018053]
[1018056, 1018056]
[1018064, 1018066]
[1018088, 1018088]
[1018180, 1018180]
[1018252, 1018252]
[1018264, 1018266]
[1018268, 1018270]
[1018272, 1018273]
[1018276, 1018277]
[1018288, 1018289]
[1018292, 1018292]
[1018300, 1018302]
[1027506, 1027507]
[1027512, 1027512]
[1027528, 1027531]
[1027620, 1027620]
[1036694, 1036694]
[1036700, 1036701]
[1036708, 1036708]
[1036710, 1036710]
[1036716, 1036719]
[1036722, 1036723]
[1036728, 1036729]
[1036738, 1036738]
[1036744, 1036753]
[1036756, 1036761]
[1036764, 1036766]
[1036768, 1036768]
[1036772, 1036781]
[3365420, 3365420]
[3365424, 3365425]
[3365428, 3365429]
[3365432, 3365433]
[3365436, 3365437]
[4563868, 4563868]
[5484844, 5484844]
[5484864, 5484864]
[5485028, 5485028]
[5485124, 5485134]
[5485136, 5485156]
[5485165, 5485167]
[5485169, 5485179]
[5485181, 5485187]
[5485190, 5485206]
[5485376, 5485376]
[5494492, 5494492]
